0.000000e+00 1.325414e-19 -2.605768e-20 1.064838e-19 
1.000000e-15 1.325414e-19 -2.605768e-20 1.064838e-19 
2.000000e-15 1.325414e-19 -2.605768e-20 1.064838e-19 
3.000000e-15 1.325414e-19 -2.605768e-20 1.064838e-19 
4.000000e-15 1.325414e-19 -2.605768e-20 1.064838e-19 
5.000000e-15 1.325414e-19 -2.605768e-20 1.064838e-19 
6.000000e-15 1.325414e-19 -2.605768e-20 1.064838e-19 
7.000000e-15 1.325414e-19 -2.605768e-20 1.064838e-19 
8.000000e-15 1.325414e-19 -2.605768e-20 1.064838e-19 
9.000000e-15 1.325414e-19 -2.605768e-20 1.064838e-19 
