0.000000e+00 1.349411e-19 -1.137411e-17 -1.123917e-17 
1.000000e-15 1.386329e-19 -1.137745e-17 -1.123882e-17 
2.000000e-15 1.434215e-19 -1.138094e-17 -1.123752e-17 
3.000000e-15 1.493578e-19 -1.138456e-17 -1.123520e-17 
4.000000e-15 1.564089e-19 -1.138828e-17 -1.123187e-17 
5.000000e-15 1.645105e-19 -1.139210e-17 -1.122759e-17 
6.000000e-15 1.736588e-19 -1.139599e-17 -1.122233e-17 
7.000000e-15 1.838675e-19 -1.139992e-17 -1.121605e-17 
8.000000e-15 1.951228e-19 -1.140386e-17 -1.120874e-17 
9.000000e-15 2.074106e-19 -1.140779e-17 -1.120037e-17 
1.000000e-14 2.207155e-19 -1.141165e-17 -1.119094e-17 
1.100000e-14 2.350122e-19 -1.141543e-17 -1.118042e-17 
1.200000e-14 2.503319e-19 -1.141913e-17 -1.116880e-17 
1.300000e-14 2.666844e-19 -1.142273e-17 -1.115605e-17 
1.400000e-14 2.839772e-19 -1.142613e-17 -1.114216e-17 
1.500000e-14 3.021859e-19 -1.142929e-17 -1.112710e-17 
1.600000e-14 3.212945e-19 -1.143215e-17 -1.111085e-17 
1.700000e-14 3.412826e-19 -1.143472e-17 -1.109344e-17 
1.800000e-14 3.621607e-19 -1.143698e-17 -1.107482e-17 
1.900000e-14 3.839241e-19 -1.143892e-17 -1.105500e-17 
2.000000e-14 4.065588e-19 -1.144047e-17 -1.103392e-17 
2.100000e-14 4.300553e-19 -1.144158e-17 -1.101153e-17 
2.200000e-14 4.544119e-19 -1.144211e-17 -1.098770e-17 
2.300000e-14 4.795520e-19 -1.144204e-17 -1.096249e-17 
2.400000e-14 5.054778e-19 -1.144143e-17 -1.093595e-17 
2.500000e-14 5.322602e-19 -1.144005e-17 -1.090779e-17 
2.600000e-14 5.597540e-19 -1.143784e-17 -1.087809e-17 
2.700000e-14 5.878543e-19 -1.143486e-17 -1.084701e-17 
2.800000e-14 6.166777e-19 -1.143092e-17 -1.081424e-17 
2.900000e-14 6.463171e-19 -1.142595e-17 -1.077963e-17 
3.000000e-14 6.766993e-19 -1.141990e-17 -1.074320e-17 
3.100000e-14 7.077877e-19 -1.141262e-17 -1.070483e-17 
3.200000e-14 7.396719e-19 -1.140403e-17 -1.066436e-17 
3.300000e-14 7.723809e-19 -1.139399e-17 -1.062161e-17 
3.400000e-14 8.059006e-19 -1.138236e-17 -1.057646e-17 
3.500000e-14 8.402400e-19 -1.136904e-17 -1.052880e-17 
3.600000e-14 8.754027e-19 -1.135389e-17 -1.047849e-17 
3.700000e-14 9.113673e-19 -1.133681e-17 -1.042545e-17 
3.800000e-14 9.481126e-19 -1.131771e-17 -1.036960e-17 
3.900000e-14 9.856768e-19 -1.129645e-17 -1.031077e-17 
4.000000e-14 1.024100e-18 -1.127287e-17 -1.024877e-17 
4.100000e-14 1.063397e-18 -1.124682e-17 -1.018342e-17 
4.200000e-14 1.103589e-18 -1.121815e-17 -1.011456e-17 
4.300000e-14 1.144670e-18 -1.118671e-17 -1.004204e-17 
4.400000e-14 1.186660e-18 -1.115237e-17 -9.965706e-18 
4.500000e-14 1.229602e-18 -1.111495e-17 -9.885350e-18 
4.600000e-14 1.273518e-18 -1.107426e-17 -9.800746e-18 
4.700000e-14 1.318459e-18 -1.103016e-17 -9.711703e-18 
4.800000e-14 1.364478e-18 -1.098241e-17 -9.617932e-18 
4.900000e-14 1.411620e-18 -1.093084e-17 -9.519219e-18 
5.000000e-14 1.459938e-18 -1.087521e-17 -9.415276e-18 
5.100000e-14 1.509453e-18 -1.081533e-17 -9.305875e-18 
5.200000e-14 1.560261e-18 -1.075093e-17 -9.190673e-18 
5.300000e-14 1.612471e-18 -1.068182e-17 -9.069344e-18 
5.400000e-14 1.666127e-18 -1.060770e-17 -8.941568e-18 
5.500000e-14 1.721300e-18 -1.052829e-17 -8.806994e-18 
5.600000e-14 1.778078e-18 -1.044333e-17 -8.665254e-18 
5.700000e-14 1.836549e-18 -1.035251e-17 -8.515961e-18 
5.800000e-14 1.896729e-18 -1.025562e-17 -8.358890e-18 
5.900000e-14 1.958854e-18 -1.015244e-17 -8.193583e-18 
6.000000e-14 2.023150e-18 -1.004261e-17 -8.019463e-18 
6.100000e-14 2.089639e-18 -9.925655e-18 -7.836016e-18 
6.200000e-14 2.158453e-18 -9.801176e-18 -7.642723e-18 
6.300000e-14 2.229773e-18 -9.668781e-18 -7.439008e-18 
6.400000e-14 2.303757e-18 -9.528042e-18 -7.224285e-18 
6.500000e-14 2.380592e-18 -9.378487e-18 -6.997895e-18 
6.600000e-14 2.460466e-18 -9.219696e-18 -6.759230e-18 
6.700000e-14 2.543504e-18 -9.051083e-18 -6.507579e-18 
6.800000e-14 2.629730e-18 -8.872183e-18 -6.242453e-18 
6.900000e-14 2.719342e-18 -8.682343e-18 -5.963001e-18 
7.000000e-14 2.812681e-18 -8.480847e-18 -5.668166e-18 
7.100000e-14 2.909951e-18 -8.266998e-18 -5.357048e-18 
7.200000e-14 3.011447e-18 -8.040130e-18 -5.028682e-18 
7.300000e-14 3.117487e-18 -7.799355e-18 -4.681867e-18 
7.400000e-14 3.228307e-18 -7.543762e-18 -4.315455e-18 
7.500000e-14 3.344142e-18 -7.272329e-18 -3.928187e-18 
7.600000e-14 3.465388e-18 -6.984117e-18 -3.518730e-18 
7.700000e-14 3.592422e-18 -6.677987e-18 -3.085566e-18 
7.800000e-14 3.725473e-18 -6.352582e-18 -2.627109e-18 
7.900000e-14 3.864827e-18 -6.006442e-18 -2.141616e-18 
8.000000e-14 4.011056e-18 -5.638070e-18 -1.627014e-18 
8.100000e-14 4.164547e-18 -5.246035e-18 -1.081488e-18 
8.200000e-14 4.325494e-18 -4.828200e-18 -5.027063e-19 
8.300000e-14 4.494324e-18 -4.382605e-18 1.117191e-19 
8.400000e-14 4.671489e-18 -3.906954e-18 7.645355e-19 
8.500000e-14 4.857488e-18 -3.398720e-18 1.458768e-18 
8.600000e-14 5.052832e-18 -2.855154e-18 2.197677e-18 
8.700000e-14 5.258079e-18 -2.273252e-18 2.984827e-18 
8.800000e-14 5.473875e-18 -1.649795e-18 3.824080e-18 
8.900000e-14 5.700826e-18 -9.810259e-19 4.719800e-18 
9.000000e-14 5.939503e-18 -2.631338e-19 5.676369e-18 
9.100000e-14 6.190604e-18 5.082995e-19 6.698904e-18 
9.200000e-14 6.454860e-18 1.338458e-18 7.793319e-18 
9.300000e-14 6.733027e-18 2.232775e-18 8.965803e-18 
9.400000e-14 7.025923e-18 3.197290e-18 1.022321e-17 
9.500000e-14 7.334915e-18 4.238107e-18 1.157302e-17 
9.600000e-14 7.660908e-18 5.362552e-18 1.302346e-17 
9.700000e-14 8.004355e-18 6.578455e-18 1.458281e-17 
9.800000e-14 8.366174e-18 7.893964e-18 1.626014e-17 
9.900000e-14 8.747324e-18 9.317811e-18 1.806514e-17 
1.000000e-13 9.148812e-18 1.085913e-17 2.000794e-17 
1.010000e-13 9.571528e-18 1.252736e-17 2.209888e-17 
1.020000e-13 1.001658e-17 1.433196e-17 2.434853e-17 
1.030000e-13 1.048522e-17 1.628230e-17 2.676751e-17 
1.040000e-13 1.097872e-17 1.838658e-17 2.936530e-17 
1.050000e-13 1.149846e-17 2.065240e-17 3.215086e-17 
1.060000e-13 1.204625e-17 2.308506e-17 3.513130e-17 
1.070000e-13 1.262389e-17 2.568719e-17 3.831108e-17 
1.080000e-13 1.323380e-17 2.845691e-17 4.169071e-17 
1.090000e-13 1.387820e-17 3.138815e-17 4.526635e-17 
1.100000e-13 1.455887e-17 3.446762e-17 4.902649e-17 
1.110000e-13 1.527907e-17 3.767280e-17 5.295187e-17 
1.120000e-13 1.604248e-17 4.097163e-17 5.701412e-17 
1.130000e-13 1.685211e-17 4.431983e-17 6.117194e-17 
1.140000e-13 1.771240e-17 4.766301e-17 6.537542e-17 
1.150000e-13 1.862960e-17 5.093439e-17 6.956399e-17 
1.160000e-13 1.961088e-17 5.405655e-17 7.366742e-17 
1.170000e-13 2.066357e-17 5.694830e-17 7.761186e-17 
1.180000e-13 2.179542e-17 5.953209e-17 8.132751e-17 
1.190000e-13 2.301647e-17 6.174139e-17 8.475786e-17 
1.200000e-13 2.433856e-17 6.353243e-17 8.787100e-17 
1.210000e-13 2.577698e-17 6.489207e-17 9.066904e-17 
1.220000e-13 2.734947e-17 6.584595e-17 9.319542e-17 
1.230000e-13 2.907334e-17 6.646636e-17 9.553970e-17 
1.240000e-13 3.097058e-17 6.685923e-17 9.782981e-17 
1.250000e-13 3.306650e-17 6.715408e-17 1.002206e-16 
1.260000e-13 3.538836e-17 6.749233e-17 1.028807e-16 
1.270000e-13 3.796903e-17 6.800833e-17 1.059774e-16 
1.280000e-13 4.084583e-17 6.881407e-17 1.096599e-16 
1.290000e-13 4.405894e-17 6.998832e-17 1.140473e-16 
1.300000e-13 4.765092e-17 7.157959e-17 1.192305e-16 
1.310000e-13 5.166325e-17 7.359653e-17 1.252598e-16 
1.320000e-13 5.613263e-17 7.600725e-17 1.321399e-16 
1.330000e-13 6.108887e-17 7.875138e-17 1.398402e-16 
1.340000e-13 6.654947e-17 8.176136e-17 1.483108e-16 
1.350000e-13 7.251461e-17 8.498643e-17 1.575010e-16 
1.360000e-13 7.895818e-17 8.842821e-17 1.673864e-16 
1.370000e-13 8.583219e-17 9.214340e-17 1.779756e-16 
1.380000e-13 9.306443e-17 9.624613e-17 1.893106e-16 
1.390000e-13 1.005545e-16 1.008748e-16 2.014293e-16 
1.400000e-13 1.081843e-16 1.061319e-16 2.143162e-16 
1.410000e-13 1.158407e-16 1.120323e-16 2.278730e-16 
1.420000e-13 1.234665e-16 1.184281e-16 2.418946e-16 
1.430000e-13 1.311403e-16 1.249532e-16 2.560936e-16 
1.440000e-13 1.391589e-16 1.310746e-16 2.702336e-16 
1.450000e-13 1.481193e-16 1.363044e-16 2.844237e-16 
1.460000e-13 1.589659e-16 1.404619e-16 2.994279e-16 
1.470000e-13 1.729983e-16 1.437908e-16 3.167890e-16 
1.480000e-13 1.918286e-16 1.468449e-16 3.386735e-16 
1.490000e-13 2.172764e-16 1.503569e-16 3.676332e-16 
1.500000e-13 2.511466e-16 1.550375e-16 4.061841e-16 
1.510000e-13 2.947396e-16 1.613669e-16 4.561066e-16 
1.520000e-13 3.482184e-16 1.698876e-16 5.181060e-16 
1.530000e-13 4.104503e-16 1.826316e-16 5.930818e-16 
1.540000e-13 4.811891e-16 2.038492e-16 6.850383e-16 
1.550000e-13 5.678762e-16 2.288770e-16 7.967532e-16 
1.560000e-13 6.771614e-16 2.264670e-16 9.036285e-16 
1.570000e-13 7.871724e-16 1.998772e-16 9.870496e-16 
1.580000e-13 8.748196e-16 1.824603e-16 1.057280e-15 
1.590000e-13 9.411640e-16 1.703132e-16 1.111477e-15 
1.600000e-13 9.887307e-16 1.578947e-16 1.146625e-15 
1.610000e-13 1.020645e-15 1.533269e-16 1.173972e-15 
1.620000e-13 1.047484e-15 1.479395e-16 1.195423e-15 
1.630000e-13 1.075445e-15 1.370655e-16 1.212510e-15 
1.640000e-13 1.103498e-15 1.306197e-16 1.234118e-15 
1.650000e-13 1.131948e-15 1.327323e-16 1.264681e-15 
1.660000e-13 1.163963e-15 1.409332e-16 1.304897e-15 
1.670000e-13 1.201236e-15 1.499573e-16 1.351194e-15 
1.680000e-13 1.241528e-15 1.549643e-16 1.396493e-15 
1.690000e-13 1.287250e-15 1.424545e-16 1.429705e-15 
1.700000e-13 1.336812e-15 1.151234e-16 1.451936e-15 
1.710000e-13 1.377064e-15 9.548960e-17 1.472553e-15 
1.720000e-13 1.400955e-15 9.113495e-17 1.492090e-15 
1.730000e-13 1.415210e-15 9.941800e-17 1.514628e-15 
1.740000e-13 1.435012e-15 1.033539e-16 1.538366e-15 
1.750000e-13 1.462096e-15 9.905481e-17 1.561151e-15 
1.760000e-13 1.484449e-15 1.016708e-16 1.586120e-15 
1.770000e-13 1.500198e-15 1.126106e-16 1.612809e-15 
1.780000e-13 1.516556e-15 1.247372e-16 1.641293e-15 
1.790000e-13 1.537429e-15 1.330914e-16 1.670521e-15 
1.800000e-13 1.559934e-15 1.375032e-16 1.697438e-15 
1.810000e-13 1.581294e-15 1.385057e-16 1.719800e-15 
1.820000e-13 1.604255e-15 1.424346e-16 1.746690e-15 
1.830000e-13 1.637753e-15 1.656271e-16 1.803380e-15 
1.840000e-13 1.704234e-15 1.926694e-16 1.896903e-15 
1.850000e-13 1.803977e-15 1.789686e-16 1.982946e-15 
1.860000e-13 1.909496e-15 1.750774e-16 2.084573e-15 
1.870000e-13 2.006781e-15 1.542730e-16 2.161054e-15 
1.880000e-13 2.071381e-15 1.422581e-16 2.213639e-15 
1.890000e-13 2.114959e-15 1.236420e-16 2.238601e-15 
1.900000e-13 2.155891e-15 8.794420e-17 2.243835e-15 
1.910000e-13 2.191033e-15 5.711051e-17 2.248143e-15 
1.920000e-13 2.211391e-15 3.640035e-17 2.247791e-15 
1.930000e-13 2.214313e-15 3.013230e-17 2.244445e-15 
1.940000e-13 2.207331e-15 3.125741e-17 2.238588e-15 
1.950000e-13 2.198083e-15 3.233393e-17 2.230417e-15 
1.960000e-13 2.188950e-15 3.443929e-17 2.223389e-15 
1.970000e-13 2.179699e-15 4.309232e-17 2.222792e-15 
1.980000e-13 2.175247e-15 6.048830e-17 2.235735e-15 
1.990000e-13 2.189225e-15 8.416603e-17 2.273391e-15 
2.000000e-13 2.233180e-15 8.438574e-17 2.317565e-15 
2.010000e-13 2.276564e-15 5.554287e-17 2.332107e-15 
2.020000e-13 2.289457e-15 6.293457e-17 2.352392e-15 
2.030000e-13 2.305917e-15 1.375348e-16 2.443452e-15 
2.040000e-13 2.360030e-15 8.939638e-17 2.449427e-15 
2.050000e-13 2.390614e-15 3.927795e-17 2.429892e-15 
2.060000e-13 2.406817e-15 3.133981e-17 2.438157e-15 
2.070000e-13 2.423622e-15 3.303738e-17 2.456659e-15 
2.080000e-13 2.443499e-15 3.341657e-17 2.476915e-15 
2.090000e-13 2.462633e-15 3.272633e-17 2.495359e-15 
2.100000e-13 2.477369e-15 3.309551e-17 2.510465e-15 
2.110000e-13 2.487375e-15 3.521313e-17 2.522588e-15 
2.120000e-13 2.494652e-15 3.861456e-17 2.533267e-15 
2.130000e-13 2.502341e-15 4.120497e-17 2.543546e-15 
2.140000e-13 2.513236e-15 3.972301e-17 2.552959e-15 
2.150000e-13 2.527210e-15 3.390354e-17 2.561114e-15 
2.160000e-13 2.541437e-15 2.723428e-17 2.568671e-15 
2.170000e-13 2.553873e-15 2.222832e-17 2.576101e-15 
2.180000e-13 2.564556e-15 1.925915e-17 2.583816e-15 
2.190000e-13 2.574360e-15 1.800521e-17 2.592365e-15 
2.200000e-13 2.584095e-15 1.772905e-17 2.601824e-15 
2.210000e-13 2.594035e-15 1.787307e-17 2.611908e-15 
2.220000e-13 2.603792e-15 1.874065e-17 2.622533e-15 
2.230000e-13 2.612989e-15 2.106207e-17 2.634051e-15 
2.240000e-13 2.622325e-15 2.553456e-17 2.647859e-15 
2.250000e-13 2.635020e-15 3.255836e-17 2.667578e-15 
2.260000e-13 2.658525e-15 4.108017e-17 2.699605e-15 
2.270000e-13 2.703263e-15 4.713343e-17 2.750396e-15 
2.280000e-13 2.773091e-15 4.568230e-17 2.818774e-15 
2.290000e-13 2.855501e-15 3.643296e-17 2.891934e-15 
2.300000e-13 2.929842e-15 2.445277e-17 2.954294e-15 
2.310000e-13 2.984161e-15 1.433877e-17 2.998500e-15 
2.320000e-13 3.018497e-15 7.527612e-18 3.026025e-15 
2.330000e-13 3.038185e-15 3.590909e-18 3.041776e-15 
2.340000e-13 3.048597e-15 1.702627e-18 3.050299e-15 
2.350000e-13 3.053477e-15 1.195690e-18 3.054673e-15 
2.360000e-13 3.054983e-15 1.672739e-18 3.056656e-15 
2.370000e-13 3.054149e-15 2.889570e-18 3.057038e-15 
2.380000e-13 3.051319e-15 4.628385e-18 3.055947e-15 
2.390000e-13 3.046524e-15 6.551770e-18 3.053076e-15 
2.400000e-13 3.039912e-15 8.128115e-18 3.048041e-15 
2.410000e-13 3.032065e-15 8.841719e-18 3.040907e-15 
2.420000e-13 3.023947e-15 8.494444e-18 3.032442e-15 
2.430000e-13 3.016492e-15 7.380302e-18 3.023872e-15 
2.440000e-13 3.010131e-15 6.088529e-18 3.016219e-15 
2.450000e-13 3.004713e-15 5.185438e-18 3.009899e-15 
2.460000e-13 2.999781e-15 5.015881e-18 3.004797e-15 
2.470000e-13 2.994929e-15 5.588911e-18 3.000518e-15 
2.480000e-13 2.990054e-15 6.567291e-18 2.996621e-15 
2.490000e-13 2.985411e-15 7.415291e-18 2.992827e-15 
2.500000e-13 2.981459e-15 7.646967e-18 2.989106e-15 
2.510000e-13 2.978537e-15 7.120918e-18 2.985658e-15 
2.520000e-13 2.976685e-15 6.074829e-18 2.982760e-15 
2.530000e-13 2.975727e-15 4.916401e-18 2.980643e-15 
2.540000e-13 2.975464e-15 3.968225e-18 2.979432e-15 
2.550000e-13 2.975791e-15 3.383998e-18 2.979175e-15 
2.560000e-13 2.976682e-15 3.189792e-18 2.979872e-15 
2.570000e-13 2.978145e-15 3.379966e-18 2.981525e-15 
2.580000e-13 2.980207e-15 3.924991e-18 2.984132e-15 
2.590000e-13 2.982918e-15 4.780354e-18 2.987699e-15 
2.600000e-13 2.986355e-15 5.868937e-18 2.992224e-15 
2.610000e-13 2.990622e-15 7.063278e-18 2.997685e-15 
2.620000e-13 2.995760e-15 8.187051e-18 3.003947e-15 
2.630000e-13 3.001686e-15 9.052818e-18 3.010738e-15 
2.640000e-13 3.008175e-15 9.507754e-18 3.017683e-15 
2.650000e-13 3.014860e-15 9.500063e-18 3.024360e-15 
2.660000e-13 3.021314e-15 9.086960e-18 3.030401e-15 
2.670000e-13 3.027159e-15 8.406151e-18 3.035565e-15 
2.680000e-13 3.032153e-15 7.618535e-18 3.039772e-15 
2.690000e-13 3.036211e-15 6.860390e-18 3.043071e-15 
2.700000e-13 3.039367e-15 6.222975e-18 3.045590e-15 
2.710000e-13 3.041726e-15 5.754186e-18 3.047481e-15 
2.720000e-13 3.043424e-15 5.466188e-18 3.048890e-15 
2.730000e-13 3.044618e-15 5.335799e-18 3.049954e-15 
2.740000e-13 3.045505e-15 5.296628e-18 3.050802e-15 
2.750000e-13 3.046325e-15 5.236963e-18 3.051562e-15 
2.760000e-13 3.047316e-15 5.027392e-18 3.052343e-15 
2.770000e-13 3.048628e-15 4.582396e-18 3.053211e-15 
2.780000e-13 3.050244e-15 3.914487e-18 3.054159e-15 
2.790000e-13 3.051999e-15 3.127501e-18 3.055126e-15 
2.800000e-13 3.053683e-15 2.353175e-18 3.056036e-15 
2.810000e-13 3.055145e-15 1.687480e-18 3.056832e-15 
2.820000e-13 3.056322e-15 1.169647e-18 3.057492e-15 
2.830000e-13 3.057227e-15 7.945702e-19 3.058022e-15 
2.840000e-13 3.057904e-15 5.348961e-19 3.058439e-15 
2.850000e-13 3.058406e-15 3.589960e-19 3.058765e-15 
2.860000e-13 3.058779e-15 2.395401e-19 3.059019e-15 
2.870000e-13 3.059060e-15 1.559437e-19 3.059216e-15 
2.880000e-13 3.059273e-15 9.412639e-20 3.059367e-15 
2.890000e-13 3.059435e-15 4.507880e-20 3.059480e-15 
2.900000e-13 3.059558e-15 3.389634e-21 3.059562e-15 
2.910000e-13 3.059652e-15 -3.391172e-20 3.059618e-15 
2.920000e-13 3.059721e-15 -6.827605e-20 3.059652e-15 
2.930000e-13 3.059770e-15 -1.002412e-19 3.059670e-15 
2.940000e-13 3.059804e-15 -1.298497e-19 3.059674e-15 
2.950000e-13 3.059825e-15 -1.569233e-19 3.059668e-15 
2.960000e-13 3.059837e-15 -1.813014e-19 3.059656e-15 
2.970000e-13 3.059841e-15 -2.028204e-19 3.059638e-15 
2.980000e-13 3.059839e-15 -2.221385e-19 3.059617e-15 
2.990000e-13 3.059834e-15 -2.384024e-19 3.059596e-15 
3.000000e-13 3.059826e-15 -2.517454e-19 3.059574e-15 
3.010000e-13 3.059816e-15 -2.623783e-19 3.059554e-15 
3.020000e-13 3.059806e-15 -2.705668e-19 3.059536e-15 
3.030000e-13 3.059796e-15 -2.766083e-19 3.059519e-15 
3.040000e-13 3.059786e-15 -2.808711e-19 3.059505e-15 
3.050000e-13 3.059778e-15 -2.839586e-19 3.059494e-15 
3.060000e-13 3.059770e-15 -2.857939e-19 3.059484e-15 
3.070000e-13 3.059764e-15 -2.866373e-19 3.059477e-15 
3.080000e-13 3.059758e-15 -2.867180e-19 3.059472e-15 
3.090000e-13 3.059754e-15 -2.862312e-19 3.059468e-15 
3.100000e-13 3.059752e-15 -2.853378e-19 3.059467e-15 
3.110000e-13 3.059751e-15 -2.841645e-19 3.059466e-15 
3.120000e-13 3.059751e-15 -2.828057e-19 3.059468e-15 
3.130000e-13 3.059752e-15 -2.813245e-19 3.059471e-15 
3.140000e-13 3.059754e-15 -2.797548e-19 3.059475e-15 
3.150000e-13 3.059758e-15 -2.781020e-19 3.059479e-15 
3.160000e-13 3.059762e-15 -2.763433e-19 3.059485e-15 
3.170000e-13 3.059766e-15 -2.744271e-19 3.059491e-15 
3.180000e-13 3.059770e-15 -2.722706e-19 3.059498e-15 
3.190000e-13 3.059774e-15 -2.697566e-19 3.059504e-15 
3.200000e-13 3.059778e-15 -2.668346e-19 3.059511e-15 
3.210000e-13 3.059781e-15 -2.647049e-19 3.059516e-15 
3.220000e-13 3.059781e-15 -2.614979e-19 3.059519e-15 
3.230000e-13 3.059775e-15 -2.569007e-19 3.059518e-15 
3.240000e-13 3.059763e-15 -2.505351e-19 3.059512e-15 
3.250000e-13 3.059741e-15 -2.419189e-19 3.059499e-15 
3.260000e-13 3.059708e-15 -2.304823e-19 3.059478e-15 
3.270000e-13 3.059661e-15 -2.155438e-19 3.059446e-15 
3.280000e-13 3.059597e-15 -1.962952e-19 3.059401e-15 
3.290000e-13 3.059511e-15 -1.717871e-19 3.059340e-15 
3.300000e-13 3.059400e-15 -1.409141e-19 3.059259e-15 
3.310000e-13 3.059259e-15 -1.024038e-19 3.059157e-15 
3.320000e-13 3.059082e-15 -5.480939e-20 3.059027e-15 
3.330000e-13 3.058862e-15 3.488556e-21 3.058866e-15 
3.340000e-13 3.058595e-15 7.426642e-20 3.058669e-15 
3.350000e-13 3.058271e-15 1.594213e-19 3.058431e-15 
3.360000e-13 3.057885e-15 2.609055e-19 3.058146e-15 
3.370000e-13 3.057430e-15 3.806203e-19 3.057811e-15 
3.380000e-13 3.056901e-15 5.202667e-19 3.057421e-15 
3.390000e-13 3.056293e-15 6.811285e-19 3.056974e-15 
3.400000e-13 3.055605e-15 8.637994e-19 3.056469e-15 
3.410000e-13 3.054840e-15 1.067852e-18 3.055908e-15 
3.420000e-13 3.054006e-15 1.291473e-18 3.055298e-15 
3.430000e-13 3.053117e-15 1.531098e-18 3.054648e-15 
3.440000e-13 3.052194e-15 1.781126e-18 3.053975e-15 
3.450000e-13 3.051265e-15 2.033785e-18 3.053299e-15 
3.460000e-13 3.050365e-15 2.279075e-18 3.052644e-15 
3.470000e-13 3.049536e-15 2.505704e-18 3.052041e-15 
3.480000e-13 3.048818e-15 2.701667e-18 3.051520e-15 
3.490000e-13 3.048254e-15 2.855278e-18 3.051109e-15 
3.500000e-13 3.047877e-15 2.956634e-18 3.050833e-15 
3.510000e-13 3.047711e-15 2.998896e-18 3.050710e-15 
3.520000e-13 3.047768e-15 2.979253e-18 3.050747e-15 
3.530000e-13 3.048042e-15 2.899329e-18 3.050941e-15 
3.540000e-13 3.048515e-15 2.764942e-18 3.051279e-15 
3.550000e-13 3.049155e-15 2.585281e-18 3.051740e-15 
3.560000e-13 3.049925e-15 2.371680e-18 3.052297e-15 
3.570000e-13 3.050784e-15 2.136263e-18 3.052920e-15 
3.580000e-13 3.051689e-15 1.890708e-18 3.053580e-15 
3.590000e-13 3.052605e-15 1.645308e-18 3.054250e-15 
3.600000e-13 3.053501e-15 1.408404e-18 3.054909e-15 
3.610000e-13 3.054353e-15 1.186168e-18 3.055539e-15 
3.620000e-13 3.055147e-15 9.816674e-19 3.056128e-15 
3.630000e-13 3.055871e-15 7.975760e-19 3.056669e-15 
3.640000e-13 3.056521e-15 6.351547e-19 3.057156e-15 
3.650000e-13 3.057095e-15 4.940362e-19 3.057589e-15 
3.660000e-13 3.057597e-15 3.724865e-19 3.057969e-15 
3.670000e-13 3.058029e-15 2.691623e-19 3.058299e-15 
3.680000e-13 3.058400e-15 1.825555e-19 3.058582e-15 
3.690000e-13 3.058714e-15 1.107073e-19 3.058825e-15 
3.700000e-13 3.058979e-15 5.169397e-20 3.059030e-15 
3.710000e-13 3.059200e-15 3.702803e-21 3.059204e-15 
3.720000e-13 3.059384e-15 -3.492377e-20 3.059349e-15 
3.730000e-13 3.059536e-15 -6.566764e-20 3.059470e-15 
3.740000e-13 3.059661e-15 -8.983040e-20 3.059571e-15 
3.750000e-13 3.059764e-15 -1.085391e-19 3.059655e-15 
3.760000e-13 3.059847e-15 -1.227582e-19 3.059724e-15 
3.770000e-13 3.059915e-15 -1.333052e-19 3.059781e-15 
3.780000e-13 3.059969e-15 -1.408665e-19 3.059828e-15 
3.790000e-13 3.060013e-15 -1.460149e-19 3.059867e-15 
3.800000e-13 3.060048e-15 -1.492245e-19 3.059899e-15 
3.810000e-13 3.060077e-15 -1.508857e-19 3.059926e-15 
3.820000e-13 3.060099e-15 -1.513441e-19 3.059948e-15 
3.830000e-13 3.060117e-15 -1.509348e-19 3.059966e-15 
3.840000e-13 3.060131e-15 -1.497639e-19 3.059982e-15 
3.850000e-13 3.060143e-15 -1.480007e-19 3.059995e-15 
3.860000e-13 3.060152e-15 -1.457819e-19 3.060007e-15 
3.870000e-13 3.060160e-15 -1.432170e-19 3.060017e-15 
3.880000e-13 3.060166e-15 -1.403945e-19 3.060026e-15 
3.890000e-13 3.060172e-15 -1.373855e-19 3.060034e-15 
3.900000e-13 3.060176e-15 -1.342482e-19 3.060042e-15 
3.910000e-13 3.060181e-15 -1.310301e-19 3.060050e-15 
3.920000e-13 3.060185e-15 -1.277710e-19 3.060057e-15 
3.930000e-13 3.060188e-15 -1.245042e-19 3.060064e-15 
3.940000e-13 3.060192e-15 -1.212587e-19 3.060071e-15 
3.950000e-13 3.060196e-15 -1.180592e-19 3.060078e-15 
3.960000e-13 3.060200e-15 -1.149276e-19 3.060085e-15 
3.970000e-13 3.060204e-15 -1.118828e-19 3.060092e-15 
3.980000e-13 3.060213e-15 -1.112656e-19 3.060102e-15 
3.990000e-13 3.060228e-15 -1.116663e-19 3.060117e-15 
4.000000e-13 3.060243e-15 -1.121527e-19 3.060131e-15 
4.010000e-13 3.060257e-15 -1.127323e-19 3.060144e-15 
4.020000e-13 3.060271e-15 -1.134082e-19 3.060157e-15 
4.030000e-13 3.060284e-15 -1.141794e-19 3.060170e-15 
4.040000e-13 3.060297e-15 -1.150394e-19 3.060182e-15 
4.050000e-13 3.060310e-15 -1.159764e-19 3.060194e-15 
4.060000e-13 3.060322e-15 -1.169730e-19 3.060205e-15 
4.070000e-13 3.060334e-15 -1.180061e-19 3.060216e-15 
4.080000e-13 3.060345e-15 -1.190466e-19 3.060226e-15 
4.090000e-13 3.060355e-15 -1.200601e-19 3.060235e-15 
4.100000e-13 3.060365e-15 -1.210072e-19 3.060244e-15 
4.110000e-13 3.060374e-15 -1.218433e-19 3.060252e-15 
4.120000e-13 3.060382e-15 -1.225197e-19 3.060260e-15 
4.130000e-13 3.060390e-15 -1.229838e-19 3.060267e-15 
4.140000e-13 3.060397e-15 -1.231797e-19 3.060274e-15 
4.150000e-13 3.060403e-15 -1.230491e-19 3.060280e-15 
4.160000e-13 3.060409e-15 -1.225317e-19 3.060286e-15 
4.170000e-13 3.060414e-15 -1.215661e-19 3.060293e-15 
4.180000e-13 3.060419e-15 -1.200907e-19 3.060299e-15 
4.190000e-13 3.060425e-15 -1.180449e-19 3.060307e-15 
4.200000e-13 3.060431e-15 -1.153698e-19 3.060316e-15 
4.210000e-13 3.060438e-15 -1.120102e-19 3.060326e-15 
4.220000e-13 3.060447e-15 -1.079158e-19 3.060339e-15 
4.230000e-13 3.060458e-15 -1.030432e-19 3.060355e-15 
4.240000e-13 3.060472e-15 -9.735826e-20 3.060375e-15 
4.250000e-13 3.060490e-15 -9.083786e-20 3.060399e-15 
4.260000e-13 3.060513e-15 -8.347292e-20 3.060430e-15 
4.270000e-13 3.060542e-15 -7.527077e-20 3.060467e-15 
4.280000e-13 3.060578e-15 -6.625776e-20 3.060512e-15 
4.290000e-13 3.060623e-15 -5.648166e-20 3.060566e-15 
4.300000e-13 3.060677e-15 -4.601373e-20 3.060631e-15 
4.310000e-13 3.060742e-15 -3.495012e-20 3.060707e-15 
4.320000e-13 3.060820e-15 -2.341267e-20 3.060797e-15 
4.330000e-13 3.060912e-15 -1.154850e-20 3.060900e-15 
4.340000e-13 3.061018e-15 4.714208e-22 3.061019e-15 
4.350000e-13 3.061141e-15 1.245518e-20 3.061154e-15 
4.360000e-13 3.061281e-15 2.419417e-20 3.061305e-15 
4.370000e-13 3.061439e-15 3.546876e-20 3.061474e-15 
4.380000e-13 3.061614e-15 4.605520e-20 3.061660e-15 
4.390000e-13 3.061808e-15 5.573354e-20 3.061863e-15 
4.400000e-13 3.062019e-15 6.429616e-20 3.062083e-15 
4.410000e-13 3.062246e-15 7.155639e-20 3.062318e-15 
4.420000e-13 3.062490e-15 7.735677e-20 3.062567e-15 
4.430000e-13 3.062747e-15 8.157630e-20 3.062828e-15 
4.440000e-13 3.063016e-15 8.413621e-20 3.063100e-15 
4.450000e-13 3.063294e-15 8.500376e-20 3.063379e-15 
4.460000e-13 3.063579e-15 8.419381e-20 3.063664e-15 
4.470000e-13 3.063869e-15 8.176802e-20 3.063950e-15 
4.480000e-13 3.064159e-15 7.783174e-20 3.064237e-15 
4.490000e-13 3.064447e-15 7.252886e-20 3.064520e-15 
4.500000e-13 3.064731e-15 6.603490e-20 3.064797e-15 
4.510000e-13 3.065008e-15 5.854901e-20 3.065066e-15 
4.520000e-13 3.065274e-15 5.028532e-20 3.065324e-15 
4.530000e-13 3.065528e-15 4.146421e-20 3.065570e-15 
4.540000e-13 3.065769e-15 3.230410e-20 3.065801e-15 
4.550000e-13 3.065993e-15 2.301402e-20 3.066016e-15 
4.560000e-13 3.066202e-15 1.378752e-20 3.066216e-15 
4.570000e-13 3.066393e-15 4.797801e-21 3.066398e-15 
4.580000e-13 3.066566e-15 -3.805574e-21 3.066562e-15 
4.590000e-13 3.066722e-15 -1.189862e-20 3.066710e-15 
4.600000e-13 3.066860e-15 -1.938354e-20 3.066840e-15 
4.610000e-13 3.066981e-15 -2.618825e-20 3.066954e-15 
4.620000e-13 3.067085e-15 -3.226496e-20 3.067053e-15 
4.630000e-13 3.067174e-15 -3.758808e-20 3.067137e-15 
4.640000e-13 3.067249e-15 -4.215171e-20 3.067207e-15 
4.650000e-13 3.067310e-15 -4.596678e-20 3.067265e-15 
4.660000e-13 3.067360e-15 -4.905820e-20 3.067311e-15 
4.670000e-13 3.067398e-15 -5.146194e-20 3.067346e-15 
4.680000e-13 3.067426e-15 -5.322241e-20 3.067373e-15 
4.690000e-13 3.067445e-15 -5.438992e-20 3.067391e-15 
4.700000e-13 3.067457e-15 -5.501853e-20 3.067402e-15 
4.710000e-13 3.067462e-15 -5.516413e-20 3.067407e-15 
4.720000e-13 3.067461e-15 -5.488287e-20 3.067407e-15 
4.730000e-13 3.067456e-15 -5.422988e-20 3.067402e-15 
4.740000e-13 3.067447e-15 -5.325823e-20 3.067393e-15 
4.750000e-13 3.067434e-15 -5.201819e-20 3.067382e-15 
4.760000e-13 3.067418e-15 -5.055665e-20 3.067368e-15 
4.770000e-13 3.067401e-15 -4.891684e-20 3.067352e-15 
4.780000e-13 3.067382e-15 -4.713806e-20 3.067335e-15 
4.790000e-13 3.067362e-15 -4.525568e-20 3.067317e-15 
4.800000e-13 3.067341e-15 -4.330113e-20 3.067298e-15 
4.810000e-13 3.067320e-15 -4.130208e-20 3.067279e-15 
4.820000e-13 3.067299e-15 -3.928256e-20 3.067260e-15 
4.830000e-13 3.067278e-15 -3.726323e-20 3.067241e-15 
4.840000e-13 3.067257e-15 -3.526160e-20 3.067222e-15 
4.850000e-13 3.067237e-15 -3.329231e-20 3.067204e-15 
4.860000e-13 3.067217e-15 -3.136742e-20 3.067186e-15 
4.870000e-13 3.067198e-15 -2.949662e-20 3.067169e-15 
4.880000e-13 3.067180e-15 -2.768754e-20 3.067153e-15 
4.890000e-13 3.067163e-15 -2.594600e-20 3.067137e-15 
4.900000e-13 3.067146e-15 -2.427618e-20 3.067122e-15 
4.910000e-13 3.067130e-15 -2.268094e-20 3.067108e-15 
4.920000e-13 3.067115e-15 -2.116190e-20 3.067094e-15 
4.930000e-13 3.067101e-15 -1.971973e-20 3.067082e-15 
4.940000e-13 3.067088e-15 -1.835421e-20 3.067070e-15 
4.950000e-13 3.067076e-15 -1.706447e-20 3.067059e-15 
4.960000e-13 3.067064e-15 -1.584905e-20 3.067048e-15 
4.970000e-13 3.067053e-15 -1.470604e-20 3.067038e-15 
4.980000e-13 3.067043e-15 -1.363316e-20 3.067029e-15 
4.990000e-13 3.067034e-15 -1.262790e-20 3.067021e-15 
5.000000e-13 3.067025e-15 -1.168750e-20 3.067013e-15 
5.010000e-13 3.067017e-15 -1.080912e-20 3.067006e-15 
5.020000e-13 3.067009e-15 -9.989786e-21 3.066999e-15 
5.030000e-13 3.067002e-15 -9.226528e-21 3.066993e-15 
5.040000e-13 3.066995e-15 -8.516354e-21 3.066987e-15 
5.050000e-13 3.066989e-15 -7.856307e-21 3.066981e-15 
5.060000e-13 3.066984e-15 -7.243485e-21 3.066977e-15 
5.070000e-13 3.066979e-15 -6.675057e-21 3.066972e-15 
5.080000e-13 3.066974e-15 -6.148282e-21 3.066968e-15 
5.090000e-13 3.066970e-15 -5.660518e-21 3.066964e-15 
5.100000e-13 3.066966e-15 -5.209230e-21 3.066960e-15 
5.110000e-13 3.066962e-15 -4.791998e-21 3.066957e-15 
5.120000e-13 3.066958e-15 -4.406515e-21 3.066954e-15 
5.130000e-13 3.066955e-15 -4.050595e-21 3.066951e-15 
5.140000e-13 3.066952e-15 -3.722170e-21 3.066949e-15 
5.150000e-13 3.066950e-15 -3.419287e-21 3.066946e-15 
5.160000e-13 3.066947e-15 -3.140107e-21 3.066944e-15 
5.170000e-13 3.066945e-15 -2.882904e-21 3.066942e-15 
5.180000e-13 3.066943e-15 -2.646060e-21 3.066940e-15 
5.190000e-13 3.066941e-15 -2.428059e-21 3.066939e-15 
5.200000e-13 3.066940e-15 -2.227485e-21 3.066937e-15 
5.210000e-13 3.066938e-15 -2.043017e-21 3.066936e-15 
5.220000e-13 3.066937e-15 -1.873431e-21 3.066935e-15 
5.230000e-13 3.066935e-15 -1.717574e-21 3.066934e-15 
5.240000e-13 3.066934e-15 -1.574381e-21 3.066932e-15 
5.250000e-13 3.066933e-15 -1.442865e-21 3.066931e-15 
5.260000e-13 3.066932e-15 -1.322108e-21 3.066931e-15 
5.270000e-13 3.066931e-15 -1.211261e-21 3.066930e-15 
5.280000e-13 3.066930e-15 -1.109537e-21 3.066929e-15 
5.290000e-13 3.066929e-15 -1.016208e-21 3.066928e-15 
5.300000e-13 3.066929e-15 -9.306009e-22 3.066928e-15 
5.310000e-13 3.066928e-15 -8.520949e-22 3.066927e-15 
5.320000e-13 3.066927e-15 -7.801157e-22 3.066927e-15 
5.330000e-13 3.066927e-15 -7.141347e-22 3.066926e-15 
5.340000e-13 3.066926e-15 -6.536628e-22 3.066926e-15 
5.350000e-13 3.066926e-15 -5.982495e-22 3.066925e-15 
5.360000e-13 3.066926e-15 -5.474800e-22 3.066925e-15 
5.370000e-13 3.066925e-15 -5.009727e-22 3.066925e-15 
5.380000e-13 3.066925e-15 -4.583762e-22 3.066924e-15 
5.390000e-13 3.066925e-15 -4.193671e-22 3.066924e-15 
5.400000e-13 3.066924e-15 -3.836483e-22 3.066924e-15 
5.410000e-13 3.066924e-15 -3.509463e-22 3.066924e-15 
5.420000e-13 3.066924e-15 -3.210100e-22 3.066923e-15 
5.430000e-13 3.066924e-15 -2.936088e-22 3.066923e-15 
5.440000e-13 3.066923e-15 -2.685305e-22 3.066923e-15 
5.450000e-13 3.066923e-15 -2.455808e-22 3.066923e-15 
5.460000e-13 3.066923e-15 -2.245810e-22 3.066923e-15 
5.470000e-13 3.066923e-15 -2.053671e-22 3.066923e-15 
5.480000e-13 3.066923e-15 -1.877889e-22 3.066923e-15 
5.490000e-13 3.066923e-15 -1.717084e-22 3.066922e-15 
5.500000e-13 3.066922e-15 -1.569991e-22 3.066922e-15 
5.510000e-13 3.066922e-15 -1.435452e-22 3.066922e-15 
5.520000e-13 3.066922e-15 -1.312402e-22 3.066922e-15 
5.530000e-13 3.066922e-15 -1.199869e-22 3.066922e-15 
5.540000e-13 3.066922e-15 -1.096959e-22 3.066922e-15 
5.550000e-13 3.066922e-15 -1.002856e-22 3.066922e-15 
5.560000e-13 3.066922e-15 -9.168092e-23 3.066922e-15 
5.570000e-13 3.066922e-15 -8.381336e-23 3.066922e-15 
5.580000e-13 3.066922e-15 -7.662008e-23 3.066922e-15 
5.590000e-13 3.066922e-15 -7.004358e-23 3.066922e-15 
5.600000e-13 3.066922e-15 -6.403120e-23 3.066922e-15 
5.610000e-13 3.066922e-15 -5.853475e-23 3.066922e-15 
5.620000e-13 3.066922e-15 -5.351011e-23 3.066922e-15 
5.630000e-13 3.066922e-15 -4.891692e-23 3.066922e-15 
5.640000e-13 3.066922e-15 -4.471824e-23 3.066922e-15 
5.650000e-13 3.066922e-15 -4.088027e-23 3.066922e-15 
5.660000e-13 3.066922e-15 -3.737210e-23 3.066922e-15 
5.670000e-13 3.066922e-15 -3.416544e-23 3.066922e-15 
5.680000e-13 3.066922e-15 -3.123441e-23 3.066922e-15 
5.690000e-13 3.066922e-15 -2.855536e-23 3.066922e-15 
5.700000e-13 3.066922e-15 -2.610665e-23 3.066921e-15 
5.710000e-13 3.066921e-15 -2.386847e-23 3.066921e-15 
5.720000e-13 3.066921e-15 -2.182275e-23 3.066921e-15 
5.730000e-13 3.066921e-15 -1.995293e-23 3.066921e-15 
5.740000e-13 3.066921e-15 -1.824388e-23 3.066921e-15 
5.750000e-13 3.066921e-15 -1.668178e-23 3.066921e-15 
5.760000e-13 3.066921e-15 -1.525397e-23 3.066921e-15 
5.770000e-13 3.066921e-15 -1.394890e-23 3.066921e-15 
5.780000e-13 3.066921e-15 -1.275601e-23 3.066921e-15 
5.790000e-13 3.066921e-15 -1.166563e-23 3.066921e-15 
5.800000e-13 3.066921e-15 -1.066895e-23 3.066921e-15 
5.810000e-13 3.066921e-15 -9.757881e-24 3.066921e-15 
5.820000e-13 3.066921e-15 -8.925062e-24 3.066921e-15 
5.830000e-13 3.066921e-15 -8.163752e-24 3.066921e-15 
5.840000e-13 3.066921e-15 -7.467792e-24 3.066921e-15 
5.850000e-13 3.066921e-15 -6.831554e-24 3.066921e-15 
5.860000e-13 3.066921e-15 -6.249895e-24 3.066921e-15 
5.870000e-13 3.066921e-15 -5.718114e-24 3.066921e-15 
5.880000e-13 3.066921e-15 -5.231916e-24 3.066921e-15 
5.890000e-13 3.066921e-15 -4.787378e-24 3.066921e-15 
5.900000e-13 3.066921e-15 -4.380913e-24 3.066921e-15 
5.910000e-13 3.066921e-15 -4.009244e-24 3.066921e-15 
5.920000e-13 3.066921e-15 -3.669376e-24 3.066921e-15 
5.930000e-13 3.066921e-15 -3.358574e-24 3.066921e-15 
5.940000e-13 3.066921e-15 -3.074338e-24 3.066921e-15 
5.950000e-13 3.066921e-15 -2.814383e-24 3.066921e-15 
5.960000e-13 3.066921e-15 -2.576622e-24 3.066921e-15 
5.970000e-13 3.066921e-15 -2.359147e-24 3.066921e-15 
5.980000e-13 3.066921e-15 -2.160216e-24 3.066921e-15 
5.990000e-13 3.066921e-15 -1.978237e-24 3.066921e-15 
6.000000e-13 3.066921e-15 -1.811753e-24 3.066921e-15 
6.010000e-13 3.066921e-15 -1.659437e-24 3.066921e-15 
6.020000e-13 3.066921e-15 -1.520071e-24 3.066921e-15 
6.030000e-13 3.066921e-15 -1.392547e-24 3.066921e-15 
6.040000e-13 3.066921e-15 -1.275849e-24 3.066921e-15 
6.050000e-13 3.066921e-15 -1.169050e-24 3.066921e-15 
6.060000e-13 3.066921e-15 -1.071304e-24 3.066921e-15 
6.070000e-13 3.066921e-15 -9.818344e-25 3.066921e-15 
6.080000e-13 3.066921e-15 -8.999351e-25 3.066921e-15 
6.090000e-13 3.066921e-15 -8.249587e-25 3.066921e-15 
6.100000e-13 3.066921e-15 -7.563141e-25 3.066921e-15 
6.110000e-13 3.066921e-15 -6.934611e-25 3.066921e-15 
6.120000e-13 3.066921e-15 -6.359057e-25 3.066921e-15 
6.130000e-13 3.066921e-15 -5.831965e-25 3.066921e-15 
6.140000e-13 3.066921e-15 -5.349207e-25 3.066921e-15 
6.150000e-13 3.066921e-15 -4.907013e-25 3.066921e-15 
6.160000e-13 3.066921e-15 -4.501933e-25 3.066921e-15 
6.170000e-13 3.066921e-15 -4.130814e-25 3.066921e-15 
6.180000e-13 3.066921e-15 -3.790773e-25 3.066921e-15 
6.190000e-13 3.066921e-15 -3.479175e-25 3.066921e-15 
6.200000e-13 3.066921e-15 -3.193611e-25 3.066921e-15 
6.210000e-13 3.066921e-15 -2.931875e-25 3.066921e-15 
6.220000e-13 3.066921e-15 -2.691952e-25 3.066921e-15 
6.230000e-13 3.066921e-15 -2.472000e-25 3.066921e-15 
6.240000e-13 3.066921e-15 -2.270333e-25 3.066921e-15 
6.250000e-13 3.066921e-15 -2.085408e-25 3.066921e-15 
6.260000e-13 3.066921e-15 -1.915816e-25 3.066921e-15 
6.270000e-13 3.066921e-15 -1.760266e-25 3.066921e-15 
6.280000e-13 3.066921e-15 -1.617578e-25 3.066921e-15 
6.290000e-13 3.066921e-15 -1.486671e-25 3.066921e-15 
6.300000e-13 3.066921e-15 -1.366559e-25 3.066921e-15 
6.310000e-13 3.066921e-15 -1.256335e-25 3.066921e-15 
6.320000e-13 3.066921e-15 -1.155174e-25 3.066921e-15 
6.330000e-13 3.066921e-15 -1.062317e-25 3.066921e-15 
6.340000e-13 3.066921e-15 -9.770711e-26 3.066921e-15 
6.350000e-13 3.066921e-15 -8.988023e-26 3.066921e-15 
6.360000e-13 3.066921e-15 -8.269295e-26 3.066921e-15 
6.370000e-13 3.066921e-15 -7.609207e-26 3.066921e-15 
6.380000e-13 3.066921e-15 -7.002890e-26 3.066921e-15 
6.390000e-13 3.066921e-15 -6.445884e-26 3.066921e-15 
6.400000e-13 3.066921e-15 -5.934106e-26 3.066921e-15 
6.410000e-13 3.066921e-15 -5.463815e-26 3.066921e-15 
6.420000e-13 3.066921e-15 -5.031585e-26 3.066921e-15 
6.430000e-13 3.066921e-15 -4.634277e-26 3.066921e-15 
6.440000e-13 3.066921e-15 -4.269016e-26 3.066921e-15 
6.450000e-13 3.066921e-15 -3.933165e-26 3.066921e-15 
6.460000e-13 3.066921e-15 -3.624311e-26 3.066921e-15 
6.470000e-13 3.066921e-15 -3.340240e-26 3.066921e-15 
6.480000e-13 3.066921e-15 -3.078924e-26 3.066921e-15 
6.490000e-13 3.066921e-15 -2.838503e-26 3.066921e-15 
6.500000e-13 3.066921e-15 -2.617272e-26 3.066921e-15 
6.510000e-13 3.066921e-15 -2.413667e-26 3.066921e-15 
6.520000e-13 3.066921e-15 -2.226256e-26 3.066921e-15 
6.530000e-13 3.066921e-15 -2.053723e-26 3.066921e-15 
6.540000e-13 3.066921e-15 -1.894862e-26 3.066921e-15 
6.550000e-13 3.066921e-15 -1.748567e-26 3.066921e-15 
6.560000e-13 3.066921e-15 -1.613822e-26 3.066921e-15 
6.570000e-13 3.066921e-15 -1.489695e-26 3.066921e-15 
6.580000e-13 3.066921e-15 -1.375332e-26 3.066921e-15 
6.590000e-13 3.066921e-15 -1.269949e-26 3.066921e-15 
6.600000e-13 3.066921e-15 -1.172823e-26 3.066921e-15 
6.610000e-13 3.066921e-15 -1.083295e-26 3.066921e-15 
6.620000e-13 3.066921e-15 -1.000756e-26 3.066921e-15 
6.630000e-13 3.066921e-15 -9.246486e-27 3.066921e-15 
6.640000e-13 3.066921e-15 -8.544607e-27 3.066921e-15 
6.650000e-13 3.066921e-15 -7.897213e-27 3.066921e-15 
6.660000e-13 3.066921e-15 -7.299980e-27 3.066921e-15 
6.670000e-13 3.066921e-15 -6.748933e-27 3.066921e-15 
6.680000e-13 3.066921e-15 -6.240420e-27 3.066921e-15 
6.690000e-13 3.066921e-15 -5.771083e-27 3.066921e-15 
6.700000e-13 3.066921e-15 -5.337835e-27 3.066921e-15 
6.710000e-13 3.066921e-15 -4.937839e-27 3.066921e-15 
6.720000e-13 3.066921e-15 -4.568482e-27 3.066921e-15 
6.730000e-13 3.066921e-15 -4.227366e-27 3.066921e-15 
6.740000e-13 3.066921e-15 -3.912282e-27 3.066921e-15 
6.750000e-13 3.066921e-15 -3.621197e-27 3.066921e-15 
6.760000e-13 3.066921e-15 -3.352243e-27 3.066921e-15 
6.770000e-13 3.066921e-15 -3.103698e-27 3.066921e-15 
6.780000e-13 3.066921e-15 -2.873978e-27 3.066921e-15 
6.790000e-13 3.066921e-15 -2.661625e-27 3.066921e-15 
6.800000e-13 3.066921e-15 -2.465296e-27 3.066921e-15 
6.810000e-13 3.066921e-15 -2.283756e-27 3.066921e-15 
6.820000e-13 3.066921e-15 -2.115864e-27 3.066921e-15 
6.830000e-13 3.066921e-15 -1.960572e-27 3.066921e-15 
6.840000e-13 3.066921e-15 -1.816912e-27 3.066921e-15 
6.850000e-13 3.066921e-15 -1.683995e-27 3.066921e-15 
6.860000e-13 3.066921e-15 -1.560999e-27 3.066921e-15 
6.870000e-13 3.066921e-15 -1.447167e-27 3.066921e-15 
6.880000e-13 3.066921e-15 -1.341801e-27 3.066921e-15 
6.890000e-13 3.066921e-15 -1.244258e-27 3.066921e-15 
6.900000e-13 3.066921e-15 -1.153945e-27 3.066921e-15 
6.910000e-13 3.066921e-15 -1.070313e-27 3.066921e-15 
6.920000e-13 3.066921e-15 -9.928591e-28 3.066921e-15 
6.930000e-13 3.066921e-15 -9.211158e-28 3.066921e-15 
6.940000e-13 3.066921e-15 -8.546536e-28 3.066921e-15 
6.950000e-13 3.066921e-15 -7.930790e-28 3.066921e-15 
6.960000e-13 3.066921e-15 -7.360506e-28 3.066921e-15 
6.970000e-13 3.066921e-15 -6.831972e-28 3.066921e-15 
6.980000e-13 3.066921e-15 -6.342068e-28 3.066921e-15 
6.990000e-13 3.066921e-15 -5.887914e-28 3.066921e-15 
7.000000e-13 3.066921e-15 -5.466847e-28 3.066921e-15 
7.010000e-13 3.066921e-15 -5.076409e-28 3.066921e-15 
7.020000e-13 3.066921e-15 -4.714329e-28 3.066921e-15 
7.030000e-13 3.066921e-15 -4.378505e-28 3.066921e-15 
7.040000e-13 3.066921e-15 -4.066996e-28 3.066921e-15 
7.050000e-13 3.066921e-15 -3.778009e-28 3.066921e-15 
7.060000e-13 3.066921e-15 -3.509885e-28 3.066921e-15 
7.070000e-13 3.066921e-15 -3.261088e-28 3.066921e-15 
7.080000e-13 3.066921e-15 -3.030358e-28 3.066921e-15 
7.090000e-13 3.066921e-15 -2.817372e-28 3.066921e-15 
7.100000e-13 3.066921e-15 -2.619587e-28 3.066921e-15 
7.110000e-13 3.066921e-15 -2.435898e-28 3.066921e-15 
7.120000e-13 3.066921e-15 -2.265281e-28 3.066921e-15 
7.130000e-13 3.066921e-15 -2.106790e-28 3.066921e-15 
7.140000e-13 3.066921e-15 -1.959547e-28 3.066921e-15 
7.150000e-13 3.066921e-15 -1.822741e-28 3.066921e-15 
7.160000e-13 3.066921e-15 -1.695617e-28 3.066921e-15 
7.170000e-13 3.066921e-15 -1.577481e-28 3.066921e-15 
7.180000e-13 3.066921e-15 -1.467684e-28 3.066921e-15 
7.190000e-13 3.066921e-15 -1.365630e-28 3.066921e-15 
7.200000e-13 3.066921e-15 -1.270763e-28 3.066921e-15 
7.210000e-13 3.066921e-15 -1.182569e-28 3.066921e-15 
7.220000e-13 3.066921e-15 -1.100571e-28 3.066921e-15 
7.230000e-13 3.066921e-15 -1.024327e-28 3.066921e-15 
7.240000e-13 3.066921e-15 -9.534274e-29 3.066921e-15 
7.250000e-13 3.066921e-15 -8.874918e-29 3.066921e-15 
7.260000e-13 3.066921e-15 -8.261676e-29 3.066921e-15 
7.270000e-13 3.066921e-15 -7.691277e-29 3.066921e-15 
7.280000e-13 3.066921e-15 -7.160685e-29 3.066921e-15 
7.290000e-13 3.066921e-15 -6.667084e-29 3.066921e-15 
7.300000e-13 3.066921e-15 -6.207860e-29 3.066921e-15 
7.310000e-13 3.066921e-15 -5.780586e-29 3.066921e-15 
7.320000e-13 3.066921e-15 -5.383012e-29 3.066921e-15 
7.330000e-13 3.066921e-15 -5.013046e-29 3.066921e-15 
7.340000e-13 3.066921e-15 -4.668747e-29 3.066921e-15 
7.350000e-13 3.066921e-15 -4.348312e-29 3.066921e-15 
7.360000e-13 3.066921e-15 -4.050068e-29 3.066921e-15 
7.370000e-13 3.066921e-15 -3.772460e-29 3.066921e-15 
7.380000e-13 3.066921e-15 -3.514043e-29 3.066921e-15 
7.390000e-13 3.066921e-15 -3.273476e-29 3.066921e-15 
7.400000e-13 3.066921e-15 -3.049512e-29 3.066921e-15 
7.410000e-13 3.066921e-15 -2.840994e-29 3.066921e-15 
7.420000e-13 3.066921e-15 -2.646843e-29 3.066921e-15 
7.430000e-13 3.066921e-15 -2.466061e-29 3.066921e-15 
7.440000e-13 3.066921e-15 -2.297718e-29 3.066921e-15 
7.450000e-13 3.066921e-15 -2.140949e-29 3.066921e-15 
7.460000e-13 3.066921e-15 -1.994951e-29 3.066921e-15 
7.470000e-13 3.066921e-15 -1.858976e-29 3.066921e-15 
7.480000e-13 3.066921e-15 -1.732332e-29 3.066921e-15 
7.490000e-13 3.066921e-15 -1.614370e-29 3.066921e-15 
7.500000e-13 3.066921e-15 -1.504492e-29 3.066921e-15 
7.510000e-13 3.066921e-15 -1.402137e-29 3.066921e-15 
7.520000e-13 3.066921e-15 -1.306788e-29 3.066921e-15 
7.530000e-13 3.066921e-15 -1.217960e-29 3.066921e-15 
7.540000e-13 3.066921e-15 -1.135204e-29 3.066921e-15 
7.550000e-13 3.066921e-15 -1.058102e-29 3.066921e-15 
7.560000e-13 3.066921e-15 -9.862646e-30 3.066921e-15 
7.570000e-13 3.066921e-15 -9.193294e-30 3.066921e-15 
7.580000e-13 3.066921e-15 -8.569597e-30 3.066921e-15 
7.590000e-13 3.066921e-15 -7.988419e-30 3.066921e-15 
7.600000e-13 3.066921e-15 -7.446842e-30 3.066921e-15 
7.610000e-13 3.066921e-15 -6.942150e-30 3.066921e-15 
7.620000e-13 3.066921e-15 -6.471814e-30 3.066921e-15 
7.630000e-13 3.066921e-15 -6.033482e-30 3.066921e-15 
7.640000e-13 3.066921e-15 -5.624962e-30 3.066921e-15 
7.650000e-13 3.066921e-15 -5.244215e-30 3.066921e-15 
7.660000e-13 3.066921e-15 -4.889341e-30 3.066921e-15 
7.670000e-13 3.066921e-15 -4.558574e-30 3.066921e-15 
7.680000e-13 3.066921e-15 -4.250265e-30 3.066921e-15 
7.690000e-13 3.066921e-15 -3.962883e-30 3.066921e-15 
7.700000e-13 3.066921e-15 -3.695000e-30 3.066921e-15 
7.710000e-13 3.066921e-15 -3.445286e-30 3.066921e-15 
7.720000e-13 3.066921e-15 -3.212503e-30 3.066921e-15 
7.730000e-13 3.066921e-15 -2.995497e-30 3.066921e-15 
7.740000e-13 3.066921e-15 -2.793194e-30 3.066921e-15 
7.750000e-13 3.066921e-15 -2.604595e-30 3.066921e-15 
7.760000e-13 3.066921e-15 -2.428765e-30 3.066921e-15 
7.770000e-13 3.066921e-15 -2.264838e-30 3.066921e-15 
7.780000e-13 3.066921e-15 -2.112005e-30 3.066921e-15 
7.790000e-13 3.066921e-15 -1.969511e-30 3.066921e-15 
7.800000e-13 3.066921e-15 -1.836655e-30 3.066921e-15 
7.810000e-13 3.066921e-15 -1.712781e-30 3.066921e-15 
7.820000e-13 3.066921e-15 -1.597282e-30 3.066921e-15 
7.830000e-13 3.066921e-15 -1.489588e-30 3.066921e-15 
7.840000e-13 3.066921e-15 -1.389171e-30 3.066921e-15 
7.850000e-13 3.066921e-15 -1.295537e-30 3.066921e-15 
7.860000e-13 3.066921e-15 -1.208227e-30 3.066921e-15 
7.870000e-13 3.066921e-15 -1.126812e-30 3.066921e-15 
7.880000e-13 3.066921e-15 -1.050893e-30 3.066921e-15 
7.890000e-13 3.066921e-15 -9.800979e-31 3.066921e-15 
7.900000e-13 3.066921e-15 -9.140800e-31 3.066921e-15 
7.910000e-13 3.066921e-15 -8.525162e-31 3.066921e-15 
7.920000e-13 3.066921e-15 -7.951051e-31 3.066921e-15 
7.930000e-13 3.066921e-15 -7.415660e-31 3.066921e-15 
7.940000e-13 3.066921e-15 -6.916371e-31 3.066921e-15 
7.950000e-13 3.066921e-15 -6.450744e-31 3.066921e-15 
7.960000e-13 3.066921e-15 -6.016504e-31 3.066921e-15 
7.970000e-13 3.066921e-15 -5.611532e-31 3.066921e-15 
7.980000e-13 3.066921e-15 -5.233851e-31 3.066921e-15 
7.990000e-13 3.066921e-15 -4.881619e-31 3.066921e-15 
8.000000e-13 3.066921e-15 -4.553116e-31 3.066921e-15 
8.010000e-13 3.066921e-15 -4.246742e-31 3.066921e-15 
8.020000e-13 3.066921e-15 -3.961004e-31 3.066921e-15 
8.030000e-13 3.066921e-15 -3.694509e-31 3.066921e-15 
8.040000e-13 3.066921e-15 -3.445959e-31 3.066921e-15 
8.050000e-13 3.066921e-15 -3.214144e-31 3.066921e-15 
8.060000e-13 3.066921e-15 -2.997936e-31 3.066921e-15 
8.070000e-13 3.066921e-15 -2.796283e-31 3.066921e-15 
8.080000e-13 3.066921e-15 -2.608202e-31 3.066921e-15 
8.090000e-13 3.066921e-15 -2.432781e-31 3.066921e-15 
8.100000e-13 3.066921e-15 -2.269165e-31 3.066921e-15 
8.110000e-13 3.066921e-15 -2.116559e-31 3.066921e-15 
8.120000e-13 3.066921e-15 -1.974222e-31 3.066921e-15 
8.130000e-13 3.066921e-15 -1.841462e-31 3.066921e-15 
8.140000e-13 3.066921e-15 -1.717633e-31 3.066921e-15 
8.150000e-13 3.066921e-15 -1.602135e-31 3.066921e-15 
8.160000e-13 3.066921e-15 -1.494406e-31 3.066921e-15 
8.170000e-13 3.066921e-15 -1.393923e-31 3.066921e-15 
8.180000e-13 3.066921e-15 -1.300199e-31 3.066921e-15 
8.190000e-13 3.066921e-15 -1.212779e-31 3.066921e-15 
8.200000e-13 3.066921e-15 -1.131238e-31 3.066921e-15 
8.210000e-13 3.066921e-15 -1.055181e-31 3.066921e-15 
8.220000e-13 3.066921e-15 -9.842379e-32 3.066921e-15 
8.230000e-13 3.066921e-15 -9.180658e-32 3.066921e-15 
8.240000e-13 3.066921e-15 -8.563431e-32 3.066921e-15 
8.250000e-13 3.066921e-15 -7.987707e-32 3.066921e-15 
8.260000e-13 3.066921e-15 -7.450692e-32 3.066921e-15 
8.270000e-13 3.066921e-15 -6.949784e-32 3.066921e-15 
8.280000e-13 3.066921e-15 -6.482553e-32 3.066921e-15 
8.290000e-13 3.066921e-15 -6.046735e-32 3.066921e-15 
8.300000e-13 3.066921e-15 -5.640217e-32 3.066921e-15 
8.310000e-13 3.066921e-15 -5.261028e-32 3.066921e-15 
8.320000e-13 3.066921e-15 -4.907331e-32 3.066921e-15 
8.330000e-13 3.066921e-15 -4.577411e-32 3.066921e-15 
8.340000e-13 3.066921e-15 -4.269670e-32 3.066921e-15 
8.350000e-13 3.066921e-15 -3.982616e-32 3.066921e-15 
8.360000e-13 3.066921e-15 -3.714860e-32 3.066921e-15 
8.370000e-13 3.066921e-15 -3.465102e-32 3.066921e-15 
8.380000e-13 3.066921e-15 -3.232133e-32 3.066921e-15 
8.390000e-13 3.066921e-15 -3.014825e-32 3.066921e-15 
8.400000e-13 3.066921e-15 -2.812125e-32 3.066921e-15 
8.410000e-13 3.066921e-15 -2.623050e-32 3.066921e-15 
8.420000e-13 3.066921e-15 -2.446686e-32 3.066921e-15 
8.430000e-13 3.066921e-15 -2.282176e-32 3.066921e-15 
8.440000e-13 3.066921e-15 -2.128725e-32 3.066921e-15 
8.450000e-13 3.066921e-15 -1.985590e-32 3.066921e-15 
8.460000e-13 3.066921e-15 -1.852076e-32 3.066921e-15 
8.470000e-13 3.066921e-15 -1.727537e-32 3.066921e-15 
8.480000e-13 3.066921e-15 -1.611370e-32 3.066921e-15 
8.490000e-13 3.066921e-15 -1.503012e-32 3.066921e-15 
8.500000e-13 3.066921e-15 -1.401939e-32 3.066921e-15 
8.510000e-13 3.066921e-15 -1.307660e-32 3.066921e-15 
8.520000e-13 3.066921e-15 -1.219719e-32 3.066921e-15 
8.530000e-13 3.066921e-15 -1.137690e-32 3.066921e-15 
8.540000e-13 3.066921e-15 -1.061176e-32 3.066921e-15 
8.550000e-13 3.066921e-15 -9.898056e-33 3.066921e-15 
8.560000e-13 3.066921e-15 -9.232336e-33 3.066921e-15 
8.570000e-13 3.066921e-15 -8.611373e-33 3.066921e-15 
8.580000e-13 3.066921e-15 -8.032159e-33 3.066921e-15 
8.590000e-13 3.066921e-15 -7.491888e-33 3.066921e-15 
8.600000e-13 3.066921e-15 -6.987942e-33 3.066921e-15 
8.610000e-13 3.066921e-15 -6.517880e-33 3.066921e-15 
8.620000e-13 3.066921e-15 -6.079425e-33 3.066921e-15 
8.630000e-13 3.066921e-15 -5.670451e-33 3.066921e-15 
8.640000e-13 3.066921e-15 -5.288978e-33 3.066921e-15 
8.650000e-13 3.066921e-15 -4.933156e-33 3.066921e-15 
8.660000e-13 3.066921e-15 -4.601262e-33 3.066921e-15 
8.670000e-13 3.066921e-15 -4.291686e-33 3.066921e-15 
8.680000e-13 3.066921e-15 -4.002930e-33 3.066921e-15 
8.690000e-13 3.066921e-15 -3.733592e-33 3.066921e-15 
8.700000e-13 3.066921e-15 -3.482368e-33 3.066921e-15 
8.710000e-13 3.066921e-15 -3.248041e-33 3.066921e-15 
8.720000e-13 3.066921e-15 -3.029473e-33 3.066921e-15 
8.730000e-13 3.066921e-15 -2.825606e-33 3.066921e-15 
8.740000e-13 3.066921e-15 -2.635451e-33 3.066921e-15 
8.750000e-13 3.066921e-15 -2.458087e-33 3.066921e-15 
8.760000e-13 3.066921e-15 -2.292653e-33 3.066921e-15 
8.770000e-13 3.066921e-15 -2.138348e-33 3.066921e-15 
8.780000e-13 3.066921e-15 -1.994422e-33 3.066921e-15 
8.790000e-13 3.066921e-15 -1.860179e-33 3.066921e-15 
8.800000e-13 3.066921e-15 -1.734967e-33 3.066921e-15 
8.810000e-13 3.066921e-15 -1.618179e-33 3.066921e-15 
8.820000e-13 3.066921e-15 -1.509248e-33 3.066921e-15 
8.830000e-13 3.066921e-15 -1.407647e-33 3.066921e-15 
8.840000e-13 3.066921e-15 -1.312881e-33 3.066921e-15 
8.850000e-13 3.066921e-15 -1.224492e-33 3.066921e-15 
8.860000e-13 3.066921e-15 -1.142050e-33 3.066921e-15 
8.870000e-13 3.066921e-15 -1.065156e-33 3.066921e-15 
8.880000e-13 3.066921e-15 -9.934365e-34 3.066921e-15 
8.890000e-13 3.066921e-15 -9.265434e-34 3.066921e-15 
8.900000e-13 3.066921e-15 -8.641521e-34 3.066921e-15 
8.910000e-13 3.066921e-15 -8.059599e-34 3.066921e-15 
8.920000e-13 3.066921e-15 -7.516841e-34 3.066921e-15 
8.930000e-13 3.066921e-15 -7.010615e-34 3.066921e-15 
8.940000e-13 3.066921e-15 -6.538462e-34 3.066921e-15 
8.950000e-13 3.066921e-15 -6.098091e-34 3.066921e-15 
8.960000e-13 3.066921e-15 -5.687362e-34 3.066921e-15 
8.970000e-13 3.066921e-15 -5.304282e-34 3.066921e-15 
8.980000e-13 3.066921e-15 -4.946992e-34 3.066921e-15 
8.990000e-13 3.066921e-15 -4.613754e-34 3.066921e-15 
9.000000e-13 3.066921e-15 -4.302952e-34 3.066921e-15 
9.010000e-13 3.066921e-15 -4.013075e-34 3.066921e-15 
9.020000e-13 3.066921e-15 -3.742715e-34 3.066921e-15 
9.030000e-13 3.066921e-15 -3.490559e-34 3.066921e-15 
9.040000e-13 3.066921e-15 -3.255383e-34 3.066921e-15 
9.050000e-13 3.066921e-15 -3.036042e-34 3.066921e-15 
9.060000e-13 3.066921e-15 -2.831472e-34 3.066921e-15 
9.070000e-13 3.066921e-15 -2.640679e-34 3.066921e-15 
9.080000e-13 3.066921e-15 -2.462734e-34 3.066921e-15 
9.090000e-13 3.066921e-15 -2.296774e-34 3.066921e-15 
9.100000e-13 3.066921e-15 -2.141992e-34 3.066921e-15 
9.110000e-13 3.066921e-15 -1.997635e-34 3.066921e-15 
9.120000e-13 3.066921e-15 -1.863001e-34 3.066921e-15 
9.130000e-13 3.066921e-15 -1.737436e-34 3.066921e-15 
9.140000e-13 3.066921e-15 -1.620329e-34 3.066921e-15 
9.150000e-13 3.066921e-15 -1.511112e-34 3.066921e-15 
9.160000e-13 3.066921e-15 -1.409252e-34 3.066921e-15 
9.170000e-13 3.066921e-15 -1.314254e-34 3.066921e-15 
9.180000e-13 3.066921e-15 -1.225657e-34 3.066921e-15 
9.190000e-13 3.066921e-15 -1.143029e-34 3.066921e-15 
9.200000e-13 3.066921e-15 -1.065968e-34 3.066921e-15 
9.210000e-13 3.066921e-15 -9.940998e-35 3.066921e-15 
9.220000e-13 3.066921e-15 -9.270744e-35 3.066921e-15 
9.230000e-13 3.066921e-15 -8.645655e-35 3.066921e-15 
9.240000e-13 3.066921e-15 -8.062691e-35 3.066921e-15 
9.250000e-13 3.066921e-15 -7.519014e-35 3.066921e-15 
9.260000e-13 3.066921e-15 -7.011978e-35 3.066921e-15 
9.270000e-13 3.066921e-15 -6.539115e-35 3.066921e-15 
9.280000e-13 3.066921e-15 -6.098123e-35 3.066921e-15 
9.290000e-13 3.066921e-15 -5.686855e-35 3.066921e-15 
9.300000e-13 3.066921e-15 -5.303309e-35 3.066921e-15 
9.310000e-13 3.066921e-15 -4.945617e-35 3.066921e-15 
9.320000e-13 3.066921e-15 -4.612038e-35 3.066921e-15 
9.330000e-13 3.066921e-15 -4.300946e-35 3.066921e-15 
9.340000e-13 3.066921e-15 -4.010827e-35 3.066921e-15 
9.350000e-13 3.066921e-15 -3.740267e-35 3.066921e-15 
9.360000e-13 3.066921e-15 -3.487950e-35 3.066921e-15 
9.370000e-13 3.066921e-15 -3.252644e-35 3.066921e-15 
9.380000e-13 3.066921e-15 -3.033205e-35 3.066921e-15 
9.390000e-13 3.066921e-15 -2.828562e-35 3.066921e-15 
9.400000e-13 3.066921e-15 -2.637719e-35 3.066921e-15 
9.410000e-13 3.066921e-15 -2.459745e-35 3.066921e-15 
9.420000e-13 3.066921e-15 -2.293773e-35 3.066921e-15 
9.430000e-13 3.066921e-15 -2.138995e-35 3.066921e-15 
9.440000e-13 3.066921e-15 -1.994655e-35 3.066921e-15 
9.450000e-13 3.066921e-15 -1.860050e-35 3.066921e-15 
9.460000e-13 3.066921e-15 -1.734525e-35 3.066921e-15 
9.470000e-13 3.066921e-15 -1.617466e-35 3.066921e-15 
9.480000e-13 3.066921e-15 -1.508303e-35 3.066921e-15 
9.490000e-13 3.066921e-15 -1.406503e-35 3.066921e-15 
9.500000e-13 3.066921e-15 -1.311571e-35 3.066921e-15 
9.510000e-13 3.066921e-15 -1.223043e-35 3.066921e-15 
9.520000e-13 3.066921e-15 -1.140488e-35 3.066921e-15 
9.530000e-13 3.066921e-15 -1.063502e-35 3.066921e-15 
9.540000e-13 3.066921e-15 -9.917108e-36 3.066921e-15 
9.550000e-13 3.066921e-15 -9.247631e-36 3.066921e-15 
9.560000e-13 3.066921e-15 -8.623326e-36 3.066921e-15 
9.570000e-13 3.066921e-15 -8.041147e-36 3.066921e-15 
9.580000e-13 3.066921e-15 -7.498253e-36 3.066921e-15 
9.590000e-13 3.066921e-15 -6.991994e-36 3.066921e-15 
9.600000e-13 3.066921e-15 -6.519900e-36 3.066921e-15 
9.610000e-13 3.066921e-15 -6.079665e-36 3.066921e-15 
9.620000e-13 3.066921e-15 -5.669142e-36 3.066921e-15 
9.630000e-13 3.066921e-15 -5.286325e-36 3.066921e-15 
9.640000e-13 3.066921e-15 -4.929347e-36 3.066921e-15 
9.650000e-13 3.066921e-15 -4.596463e-36 3.066921e-15 
9.660000e-13 3.066921e-15 -4.286048e-36 3.066921e-15 
9.670000e-13 3.066921e-15 -3.996587e-36 3.066921e-15 
9.680000e-13 3.066921e-15 -3.726665e-36 3.066921e-15 
9.690000e-13 3.066921e-15 -3.474965e-36 3.066921e-15 
9.700000e-13 3.066921e-15 -3.240257e-36 3.066921e-15 
9.710000e-13 3.066921e-15 -3.021394e-36 3.066921e-15 
9.720000e-13 3.066921e-15 -2.817307e-36 3.066921e-15 
9.730000e-13 3.066921e-15 -2.627000e-36 3.066921e-15 
9.740000e-13 3.066921e-15 -2.449541e-36 3.066921e-15 
9.750000e-13 3.066921e-15 -2.284065e-36 3.066921e-15 
9.760000e-13 3.066921e-15 -2.129762e-36 3.066921e-15 
9.770000e-13 3.066921e-15 -1.985879e-36 3.066921e-15 
9.780000e-13 3.066921e-15 -1.851712e-36 3.066921e-15 
9.790000e-13 3.066921e-15 -1.726605e-36 3.066921e-15 
9.800000e-13 3.066921e-15 -1.609947e-36 3.066921e-15 
9.810000e-13 3.066921e-15 -1.501167e-36 3.066921e-15 
9.820000e-13 3.066921e-15 -1.399734e-36 3.066921e-15 
9.830000e-13 3.066921e-15 -1.305152e-36 3.066921e-15 
9.840000e-13 3.066921e-15 -1.216958e-36 3.066921e-15 
9.850000e-13 3.066921e-15 -1.134721e-36 3.066921e-15 
9.860000e-13 3.066921e-15 -1.058038e-36 3.066921e-15 
9.870000e-13 3.066921e-15 -9.865358e-37 3.066921e-15 
9.880000e-13 3.066921e-15 -9.198634e-37 3.066921e-15 
9.890000e-13 3.066921e-15 -8.576948e-37 3.066921e-15 
9.900000e-13 3.066921e-15 -7.997261e-37 3.066921e-15 
9.910000e-13 3.066921e-15 -7.456737e-37 3.066921e-15 
9.920000e-13 3.066921e-15 -6.952730e-37 3.066921e-15 
9.930000e-13 3.066921e-15 -6.482774e-37 3.066921e-15 
9.940000e-13 3.066921e-15 -6.044571e-37 3.066921e-15 
9.950000e-13 3.066921e-15 -5.635976e-37 3.066921e-15 
9.960000e-13 3.066921e-15 -5.254989e-37 3.066921e-15 
9.970000e-13 3.066921e-15 -4.899745e-37 3.066921e-15 
9.980000e-13 3.066921e-15 -4.568507e-37 3.066921e-15 
9.990000e-13 3.066921e-15 -4.259652e-37 3.066921e-15 
