0.000000e+00 1.060673e-18 -1.216174e-16 -1.205568e-16 
1.000000e-15 1.061771e-18 -1.216163e-16 -1.205546e-16 
2.000000e-15 1.063763e-18 -1.216143e-16 -1.205506e-16 
3.000000e-15 1.066658e-18 -1.216115e-16 -1.205448e-16 
4.000000e-15 1.070470e-18 -1.216076e-16 -1.205372e-16 
5.000000e-15 1.075216e-18 -1.216029e-16 -1.205277e-16 
6.000000e-15 1.080919e-18 -1.215972e-16 -1.205163e-16 
7.000000e-15 1.087605e-18 -1.215905e-16 -1.205029e-16 
8.000000e-15 1.095305e-18 -1.215828e-16 -1.204875e-16 
9.000000e-15 1.104056e-18 -1.215741e-16 -1.204700e-16 
1.000000e-14 1.113899e-18 -1.215642e-16 -1.204503e-16 
1.100000e-14 1.124881e-18 -1.215532e-16 -1.204284e-16 
1.200000e-14 1.137053e-18 -1.215411e-16 -1.204040e-16 
1.300000e-14 1.150474e-18 -1.215277e-16 -1.203772e-16 
1.400000e-14 1.165208e-18 -1.215129e-16 -1.203477e-16 
1.500000e-14 1.181326e-18 -1.214968e-16 -1.203155e-16 
1.600000e-14 1.198906e-18 -1.214792e-16 -1.202803e-16 
1.700000e-14 1.218033e-18 -1.214601e-16 -1.202421e-16 
1.800000e-14 1.238801e-18 -1.214394e-16 -1.202006e-16 
1.900000e-14 1.261312e-18 -1.214169e-16 -1.201555e-16 
2.000000e-14 1.285677e-18 -1.213925e-16 -1.201068e-16 
2.100000e-14 1.312016e-18 -1.213662e-16 -1.200542e-16 
2.200000e-14 1.340463e-18 -1.213377e-16 -1.199973e-16 
2.300000e-14 1.371159e-18 -1.213070e-16 -1.199359e-16 
2.400000e-14 1.404260e-18 -1.212740e-16 -1.198697e-16 
2.500000e-14 1.439935e-18 -1.212383e-16 -1.197984e-16 
2.600000e-14 1.478368e-18 -1.211999e-16 -1.197215e-16 
2.700000e-14 1.519757e-18 -1.211585e-16 -1.196387e-16 
2.800000e-14 1.564318e-18 -1.211139e-16 -1.195496e-16 
2.900000e-14 1.612285e-18 -1.210660e-16 -1.194537e-16 
3.000000e-14 1.663911e-18 -1.210144e-16 -1.193505e-16 
3.100000e-14 1.719474e-18 -1.209588e-16 -1.192394e-16 
3.200000e-14 1.779270e-18 -1.208991e-16 -1.191198e-16 
3.300000e-14 1.843627e-18 -1.208347e-16 -1.189911e-16 
3.400000e-14 1.912895e-18 -1.207655e-16 -1.188526e-16 
3.500000e-14 1.987459e-18 -1.206910e-16 -1.187035e-16 
3.600000e-14 2.067734e-18 -1.206107e-16 -1.185430e-16 
3.700000e-14 2.154173e-18 -1.205243e-16 -1.183701e-16 
3.800000e-14 2.247269e-18 -1.204312e-16 -1.181840e-16 
3.900000e-14 2.347557e-18 -1.203310e-16 -1.179834e-16 
4.000000e-14 2.455622e-18 -1.202230e-16 -1.177673e-16 
4.100000e-14 2.572100e-18 -1.201065e-16 -1.175344e-16 
4.200000e-14 2.697684e-18 -1.199810e-16 -1.172833e-16 
4.300000e-14 2.833132e-18 -1.198456e-16 -1.170125e-16 
4.400000e-14 2.979272e-18 -1.196995e-16 -1.167202e-16 
4.500000e-14 3.137009e-18 -1.195418e-16 -1.164048e-16 
4.600000e-14 3.307332e-18 -1.193716e-16 -1.160642e-16 
4.700000e-14 3.491328e-18 -1.191877e-16 -1.156963e-16 
4.800000e-14 3.690185e-18 -1.189889e-16 -1.152987e-16 
4.900000e-14 3.905211e-18 -1.187740e-16 -1.148687e-16 
5.000000e-14 4.137844e-18 -1.185414e-16 -1.144036e-16 
5.100000e-14 4.389665e-18 -1.182897e-16 -1.139000e-16 
5.200000e-14 4.662421e-18 -1.180171e-16 -1.133547e-16 
5.300000e-14 4.958037e-18 -1.177216e-16 -1.127636e-16 
5.400000e-14 5.278646e-18 -1.174011e-16 -1.121225e-16 
5.500000e-14 5.626611e-18 -1.170533e-16 -1.114267e-16 
5.600000e-14 6.004556e-18 -1.166756e-16 -1.106710e-16 
5.700000e-14 6.415400e-18 -1.162649e-16 -1.098495e-16 
5.800000e-14 6.862398e-18 -1.158182e-16 -1.089558e-16 
5.900000e-14 7.349189e-18 -1.153317e-16 -1.079825e-16 
6.000000e-14 7.879849e-18 -1.148013e-16 -1.069214e-16 
6.100000e-14 8.458959e-18 -1.142225e-16 -1.057636e-16 
6.200000e-14 9.091681e-18 -1.135902e-16 -1.044985e-16 
6.300000e-14 9.783847e-18 -1.128984e-16 -1.031146e-16 
6.400000e-14 1.054207e-17 -1.121407e-16 -1.015986e-16 
6.500000e-14 1.137389e-17 -1.113094e-16 -9.993553e-17 
6.600000e-14 1.228791e-17 -1.103961e-16 -9.810815e-17 
6.700000e-14 1.329398e-17 -1.093907e-16 -9.609674e-17 
6.800000e-14 1.440349e-17 -1.082821e-16 -9.387858e-17 
6.900000e-14 1.562961e-17 -1.070570e-16 -9.142734e-17 
7.000000e-14 1.698767e-17 -1.057001e-16 -8.871239e-17 
7.100000e-14 1.849562e-17 -1.041935e-16 -8.569788e-17 
7.200000e-14 2.017461e-17 -1.025162e-16 -8.234155e-17 
7.300000e-14 2.204973e-17 -1.006430e-16 -7.859330e-17 
7.400000e-14 2.415093e-17 -9.854421e-17 -7.439328e-17 
7.500000e-14 2.651434e-17 -9.618371e-17 -6.966937e-17 
7.600000e-14 2.918385e-17 -9.351777e-17 -6.433392e-17 
7.700000e-14 3.221339e-17 -9.049267e-17 -5.827928e-17 
7.800000e-14 3.566995e-17 -8.704172e-17 -5.137177e-17 
7.900000e-14 3.963780e-17 -8.308102e-17 -4.344322e-17 
8.000000e-14 4.422457e-17 -7.850356e-17 -3.427899e-17 
8.100000e-14 4.957003e-17 -7.317043e-17 -2.360040e-17 
8.200000e-14 5.585931e-17 -6.689785e-17 -1.103855e-17 
8.300000e-14 6.334349e-17 -5.943694e-17 3.906551e-18 
8.400000e-14 7.237285e-17 -5.044111e-17 2.193174e-17 
8.500000e-14 8.345339e-17 -3.941090e-17 4.404250e-17 
8.600000e-14 9.734913e-17 -2.559491e-17 7.175421e-17 
8.700000e-14 1.152815e-16 -7.798174e-18 1.074833e-16 
8.800000e-14 1.393590e-16 1.602556e-17 1.553845e-16 
8.900000e-14 1.736323e-16 4.975556e-17 2.233879e-16 
9.000000e-14 2.271840e-16 1.018957e-16 3.290797e-16 
9.100000e-14 3.253937e-16 1.954002e-16 5.207939e-16 
9.200000e-14 5.045756e-16 3.903741e-16 8.949497e-16 
9.300000e-14 8.070156e-16 5.591400e-16 1.366156e-15 
9.400000e-14 9.882584e-16 8.459117e-16 1.834170e-15 
9.500000e-14 1.393231e-15 1.081606e-15 2.474836e-15 
9.600000e-14 2.000473e-15 1.240679e-15 3.241152e-15 
9.700000e-14 2.492213e-15 1.406205e-15 3.898418e-15 
9.800000e-14 2.890184e-15 1.601526e-15 4.491711e-15 
9.900000e-14 3.218461e-15 1.887657e-15 5.106118e-15 
1.000000e-13 3.693157e-15 1.909246e-15 5.602404e-15 
1.010000e-13 3.919200e-15 2.253593e-15 6.172793e-15 
1.020000e-13 4.264023e-15 2.513790e-15 6.777813e-15 
1.030000e-13 4.833390e-15 2.713248e-15 7.546638e-15 
1.040000e-13 5.012930e-15 3.372328e-15 8.385258e-15 
1.050000e-13 4.998380e-15 3.431648e-15 8.430028e-15 
1.060000e-13 5.174986e-15 3.350104e-15 8.525090e-15 
1.070000e-13 5.889071e-15 3.630472e-15 9.519542e-15 
1.080000e-13 6.759610e-15 4.285814e-15 1.104542e-14 
1.090000e-13 7.851422e-15 4.846234e-15 1.269766e-14 
1.100000e-13 8.864251e-15 5.060745e-15 1.392500e-14 
1.110000e-13 9.393655e-15 4.955858e-15 1.434951e-14 
1.120000e-13 9.716527e-15 4.146129e-15 1.386266e-14 
1.130000e-13 9.823509e-15 4.053814e-15 1.387732e-14 
1.140000e-13 9.845541e-15 3.666752e-15 1.351229e-14 
1.150000e-13 9.747723e-15 3.620212e-15 1.336793e-14 
1.160000e-13 1.000102e-14 3.656116e-15 1.365713e-14 
1.170000e-13 1.076331e-14 4.497293e-15 1.526060e-14 
1.180000e-13 1.173883e-14 4.819968e-15 1.655879e-14 
1.190000e-13 1.204606e-14 4.554727e-15 1.660079e-14 
1.200000e-13 1.204254e-14 4.251813e-15 1.629435e-14 
1.210000e-13 1.196329e-14 3.821813e-15 1.578510e-14 
1.220000e-13 1.220576e-14 3.936518e-15 1.614228e-14 
1.230000e-13 1.248544e-14 4.114471e-15 1.659991e-14 
1.240000e-13 1.254557e-14 4.284980e-15 1.683055e-14 
1.250000e-13 1.308514e-14 4.779343e-15 1.786448e-14 
1.260000e-13 1.374655e-14 4.894670e-15 1.864122e-14 
1.270000e-13 1.407125e-14 4.956479e-15 1.902773e-14 
1.280000e-13 1.397186e-14 4.297317e-15 1.826917e-14 
1.290000e-13 1.392274e-14 4.063980e-15 1.798672e-14 
1.300000e-13 1.441879e-14 4.511274e-15 1.893007e-14 
1.310000e-13 1.499035e-14 4.592652e-15 1.958300e-14 
1.320000e-13 1.530728e-14 4.288135e-15 1.959541e-14 
1.330000e-13 1.517646e-14 3.997551e-15 1.917401e-14 
1.340000e-13 1.471385e-14 3.305436e-15 1.801929e-14 
1.350000e-13 1.431327e-14 2.962851e-15 1.727612e-14 
1.360000e-13 1.449334e-14 3.000777e-15 1.749412e-14 
1.370000e-13 1.481853e-14 3.260315e-15 1.807884e-14 
1.380000e-13 1.527731e-14 3.615712e-15 1.889302e-14 
1.390000e-13 1.555674e-14 3.532795e-15 1.908953e-14 
1.400000e-13 1.549725e-14 3.431926e-15 1.892917e-14 
1.410000e-13 1.562951e-14 3.388842e-15 1.901835e-14 
1.420000e-13 1.578143e-14 3.258521e-15 1.903995e-14 
1.430000e-13 1.593030e-14 3.175717e-15 1.910602e-14 
1.440000e-13 1.590945e-14 2.971202e-15 1.888066e-14 
1.450000e-13 1.587058e-14 3.140092e-15 1.901067e-14 
1.460000e-13 1.590854e-14 3.244857e-15 1.915340e-14 
1.470000e-13 1.607995e-14 3.045048e-15 1.912499e-14 
1.480000e-13 1.631829e-14 3.094898e-15 1.941318e-14 
1.490000e-13 1.628937e-14 3.125574e-15 1.941494e-14 
1.500000e-13 1.638817e-14 3.258272e-15 1.964644e-14 
1.510000e-13 1.640609e-14 3.152355e-15 1.955844e-14 
1.520000e-13 1.640040e-14 3.060459e-15 1.946086e-14 
1.530000e-13 1.667935e-14 3.511945e-15 2.019130e-14 
1.540000e-13 1.685563e-14 3.407146e-15 2.026278e-14 
1.550000e-13 1.688083e-14 3.373956e-15 2.025478e-14 
1.560000e-13 1.711642e-14 3.547291e-15 2.066372e-14 
1.570000e-13 1.737390e-14 3.696973e-15 2.107087e-14 
1.580000e-13 1.726145e-14 3.423834e-15 2.068529e-14 
1.590000e-13 1.752210e-14 3.547028e-15 2.106913e-14 
1.600000e-13 1.811620e-14 3.778432e-15 2.189463e-14 
1.610000e-13 1.824054e-14 3.783586e-15 2.202413e-14 
1.620000e-13 1.835742e-14 3.807755e-15 2.216518e-14 
1.630000e-13 1.859258e-14 3.720315e-15 2.231289e-14 
1.640000e-13 1.869366e-14 3.458353e-15 2.215202e-14 
1.650000e-13 1.879172e-14 3.643519e-15 2.243524e-14 
1.660000e-13 1.910406e-14 3.644333e-15 2.274839e-14 
1.670000e-13 1.918971e-14 3.920684e-15 2.311040e-14 
1.680000e-13 1.942119e-14 3.595201e-15 2.301639e-14 
1.690000e-13 1.959143e-14 3.917228e-15 2.350866e-14 
1.700000e-13 1.990725e-14 4.210744e-15 2.411800e-14 
1.710000e-13 2.011965e-14 3.953990e-15 2.407364e-14 
1.720000e-13 2.003570e-14 3.912076e-15 2.394778e-14 
1.730000e-13 2.012025e-14 3.425141e-15 2.354539e-14 
1.740000e-13 2.004936e-14 3.081669e-15 2.313103e-14 
1.750000e-13 1.994701e-14 3.137505e-15 2.308452e-14 
1.760000e-13 2.000040e-14 2.988808e-15 2.298921e-14 
1.770000e-13 2.010691e-14 3.032283e-15 2.313919e-14 
1.780000e-13 2.036374e-14 3.008406e-15 2.337215e-14 
1.790000e-13 2.056663e-14 2.672629e-15 2.323926e-14 
1.800000e-13 2.053537e-14 2.534221e-15 2.306959e-14 
1.810000e-13 2.073003e-14 2.662234e-15 2.339227e-14 
1.820000e-13 2.105988e-14 2.659326e-15 2.371920e-14 
1.830000e-13 2.124507e-14 3.029077e-15 2.427415e-14 
1.840000e-13 2.149350e-14 2.896992e-15 2.439050e-14 
1.850000e-13 2.139290e-14 2.825118e-15 2.421802e-14 
1.860000e-13 2.137118e-14 2.832490e-15 2.420367e-14 
1.870000e-13 2.149476e-14 2.664671e-15 2.415943e-14 
1.880000e-13 2.162291e-14 2.820218e-15 2.444312e-14 
1.890000e-13 2.173039e-14 2.593535e-15 2.432392e-14 
1.900000e-13 2.144603e-14 2.023249e-15 2.346928e-14 
1.910000e-13 2.121740e-14 1.748811e-15 2.296621e-14 
1.920000e-13 2.121800e-14 1.747762e-15 2.296577e-14 
1.930000e-13 2.125761e-14 1.736952e-15 2.299456e-14 
1.940000e-13 2.141305e-14 1.920077e-15 2.333313e-14 
1.950000e-13 2.176917e-14 2.084998e-15 2.385417e-14 
1.960000e-13 2.194672e-14 2.027950e-15 2.397467e-14 
1.970000e-13 2.206977e-14 2.224130e-15 2.429390e-14 
1.980000e-13 2.216637e-14 2.402175e-15 2.456854e-14 
1.990000e-13 2.200373e-14 2.129929e-15 2.413366e-14 
2.000000e-13 2.182520e-14 1.893655e-15 2.371885e-14 
2.010000e-13 2.180499e-14 1.990966e-15 2.379596e-14 
2.020000e-13 2.193579e-14 1.777432e-15 2.371322e-14 
2.030000e-13 2.180718e-14 1.813291e-15 2.362047e-14 
2.040000e-13 2.188992e-14 1.764660e-15 2.365458e-14 
2.050000e-13 2.210041e-14 1.710388e-15 2.381080e-14 
2.060000e-13 2.212243e-14 1.666737e-15 2.378917e-14 
2.070000e-13 2.226852e-14 1.788184e-15 2.405670e-14 
2.080000e-13 2.268066e-14 1.921784e-15 2.460245e-14 
2.090000e-13 2.295452e-14 2.139600e-15 2.509412e-14 
2.100000e-13 2.307764e-14 2.155868e-15 2.523351e-14 
2.110000e-13 2.327200e-14 2.402414e-15 2.567441e-14 
2.120000e-13 2.355087e-14 2.456314e-15 2.600718e-14 
2.130000e-13 2.370363e-14 2.261929e-15 2.596555e-14 
2.140000e-13 2.380749e-14 2.433762e-15 2.624125e-14 
2.150000e-13 2.389680e-14 2.496039e-15 2.639284e-14 
2.160000e-13 2.387787e-14 2.208098e-15 2.608597e-14 
2.170000e-13 2.375297e-14 1.976865e-15 2.572984e-14 
2.180000e-13 2.363120e-14 1.883201e-15 2.551440e-14 
2.190000e-13 2.353380e-14 1.869296e-15 2.540310e-14 
2.200000e-13 2.350965e-14 1.834466e-15 2.534411e-14 
2.210000e-13 2.362919e-14 1.898496e-15 2.552769e-14 
2.220000e-13 2.364843e-14 2.047847e-15 2.569627e-14 
2.230000e-13 2.367028e-14 1.790358e-15 2.546064e-14 
2.240000e-13 2.369316e-14 1.853555e-15 2.554672e-14 
2.250000e-13 2.371878e-14 1.651007e-15 2.536979e-14 
2.260000e-13 2.362010e-14 1.365969e-15 2.498607e-14 
2.270000e-13 2.354448e-14 1.262857e-15 2.480734e-14 
2.280000e-13 2.361530e-14 1.359501e-15 2.497480e-14 
2.290000e-13 2.370268e-14 1.483836e-15 2.518651e-14 
2.300000e-13 2.371519e-14 1.194907e-15 2.491010e-14 
2.310000e-13 2.370800e-14 1.213013e-15 2.492101e-14 
2.320000e-13 2.379172e-14 1.206301e-15 2.499802e-14 
2.330000e-13 2.390851e-14 1.396687e-15 2.530520e-14 
2.340000e-13 2.414415e-14 1.492275e-15 2.563642e-14 
2.350000e-13 2.407429e-14 1.462184e-15 2.553647e-14 
2.360000e-13 2.388858e-14 1.274841e-15 2.516343e-14 
2.370000e-13 2.388206e-14 1.277182e-15 2.515924e-14 
2.380000e-13 2.405242e-14 1.320659e-15 2.537307e-14 
2.390000e-13 2.424557e-14 1.497183e-15 2.574275e-14 
2.400000e-13 2.440303e-14 1.589252e-15 2.599229e-14 
2.410000e-13 2.445743e-14 1.621803e-15 2.607924e-14 
2.420000e-13 2.431766e-14 1.460563e-15 2.577823e-14 
2.430000e-13 2.413528e-14 1.323133e-15 2.545842e-14 
2.440000e-13 2.422361e-14 1.232265e-15 2.545587e-14 
2.450000e-13 2.440174e-14 1.306237e-15 2.570798e-14 
2.460000e-13 2.457301e-14 1.279156e-15 2.585216e-14 
2.470000e-13 2.464126e-14 1.448186e-15 2.608945e-14 
2.480000e-13 2.456867e-14 1.339686e-15 2.590836e-14 
2.490000e-13 2.448571e-14 1.288558e-15 2.577427e-14 
2.500000e-13 2.443090e-14 1.267701e-15 2.569860e-14 
2.510000e-13 2.429198e-14 1.099963e-15 2.539194e-14 
2.520000e-13 2.424310e-14 1.041815e-15 2.528492e-14 
2.530000e-13 2.435065e-14 1.161697e-15 2.551234e-14 
2.540000e-13 2.444101e-14 1.261465e-15 2.570248e-14 
2.550000e-13 2.435750e-14 1.136732e-15 2.549423e-14 
2.560000e-13 2.431272e-14 1.109237e-15 2.542195e-14 
2.570000e-13 2.432825e-14 1.096661e-15 2.542491e-14 
2.580000e-13 2.432115e-14 1.093825e-15 2.541497e-14 
2.590000e-13 2.431234e-14 9.791902e-16 2.529153e-14 
2.600000e-13 2.435335e-14 1.042879e-15 2.539623e-14 
2.610000e-13 2.446580e-14 1.093047e-15 2.555885e-14 
2.620000e-13 2.443523e-14 1.069045e-15 2.550428e-14 
2.630000e-13 2.447027e-14 1.051300e-15 2.552157e-14 
2.640000e-13 2.451876e-14 8.863861e-16 2.540515e-14 
2.650000e-13 2.451750e-14 9.159379e-16 2.543344e-14 
2.660000e-13 2.457600e-14 1.069231e-15 2.564523e-14 
2.670000e-13 2.468995e-14 1.160988e-15 2.585094e-14 
2.680000e-13 2.467251e-14 1.127756e-15 2.580027e-14 
2.690000e-13 2.459832e-14 1.008176e-15 2.560650e-14 
2.700000e-13 2.463256e-14 1.074274e-15 2.570684e-14 
2.710000e-13 2.472167e-14 1.121057e-15 2.584273e-14 
2.720000e-13 2.471898e-14 1.076681e-15 2.579566e-14 
2.730000e-13 2.457360e-14 1.074219e-15 2.564782e-14 
2.740000e-13 2.461303e-14 1.102504e-15 2.571554e-14 
2.750000e-13 2.494149e-14 1.320050e-15 2.626154e-14 
2.760000e-13 2.533894e-14 1.032994e-15 2.637193e-14 
2.770000e-13 2.534456e-14 8.584457e-16 2.620301e-14 
2.780000e-13 2.524853e-14 7.773977e-16 2.602593e-14 
2.790000e-13 2.516142e-14 6.749219e-16 2.583634e-14 
2.800000e-13 2.510197e-14 5.996927e-16 2.570167e-14 
2.810000e-13 2.508240e-14 6.607157e-16 2.574311e-14 
2.820000e-13 2.511048e-14 6.583059e-16 2.576878e-14 
2.830000e-13 2.520546e-14 7.733330e-16 2.597880e-14 
2.840000e-13 2.527898e-14 7.475203e-16 2.602650e-14 
2.850000e-13 2.532245e-14 8.224065e-16 2.614486e-14 
2.860000e-13 2.532802e-14 8.728602e-16 2.620089e-14 
2.870000e-13 2.531250e-14 7.951133e-16 2.610761e-14 
2.880000e-13 2.531177e-14 8.127468e-16 2.612451e-14 
2.890000e-13 2.533734e-14 5.574502e-16 2.589479e-14 
2.900000e-13 2.531747e-14 5.572228e-16 2.587470e-14 
2.910000e-13 2.535051e-14 5.888270e-16 2.593934e-14 
2.920000e-13 2.536824e-14 6.149502e-16 2.598319e-14 
2.930000e-13 2.538119e-14 6.041627e-16 2.598535e-14 
2.940000e-13 2.537422e-14 5.425239e-16 2.591675e-14 
2.950000e-13 2.543878e-14 6.385077e-16 2.607729e-14 
2.960000e-13 2.570051e-14 7.604928e-16 2.646100e-14 
2.970000e-13 2.579737e-14 7.319680e-16 2.652933e-14 
2.980000e-13 2.572770e-14 6.432667e-16 2.637096e-14 
2.990000e-13 2.580616e-14 7.155707e-16 2.652173e-14 
3.000000e-13 2.576032e-14 9.413761e-16 2.670170e-14 
3.010000e-13 2.568186e-14 7.203330e-16 2.640219e-14 
3.020000e-13 2.564392e-14 7.097219e-16 2.635364e-14 
3.030000e-13 2.572888e-14 7.716392e-16 2.650052e-14 
3.040000e-13 2.575684e-14 5.406949e-16 2.629753e-14 
3.050000e-13 2.562861e-14 4.359701e-16 2.606458e-14 
3.060000e-13 2.559456e-14 3.979721e-16 2.599253e-14 
3.070000e-13 2.562018e-14 4.231047e-16 2.604329e-14 
3.080000e-13 2.567047e-14 4.980260e-16 2.616849e-14 
3.090000e-13 2.567760e-14 4.744845e-16 2.615208e-14 
3.100000e-13 2.566470e-14 4.609221e-16 2.612563e-14 
3.110000e-13 2.574481e-14 5.371246e-16 2.628194e-14 
3.120000e-13 2.586552e-14 7.006401e-16 2.656616e-14 
3.130000e-13 2.586883e-14 6.240196e-16 2.649285e-14 
3.140000e-13 2.591943e-14 6.811596e-16 2.660059e-14 
3.150000e-13 2.615269e-14 4.866286e-16 2.663932e-14 
3.160000e-13 2.614077e-14 5.032832e-16 2.664406e-14 
3.170000e-13 2.615660e-14 5.439305e-16 2.670054e-14 
3.180000e-13 2.618599e-14 5.634516e-16 2.674944e-14 
3.190000e-13 2.615792e-14 5.174478e-16 2.667537e-14 
3.200000e-13 2.621069e-14 5.686135e-16 2.677930e-14 
3.210000e-13 2.631172e-14 5.401671e-16 2.685189e-14 
3.220000e-13 2.629702e-14 5.479004e-16 2.684492e-14 
3.230000e-13 2.623873e-14 4.078691e-16 2.664660e-14 
3.240000e-13 2.619175e-14 3.583491e-16 2.655010e-14 
3.250000e-13 2.618896e-14 3.723915e-16 2.656135e-14 
3.260000e-13 2.626208e-14 4.313734e-16 2.669346e-14 
3.270000e-13 2.632398e-14 5.613486e-16 2.688533e-14 
3.280000e-13 2.634017e-14 5.052864e-16 2.684546e-14 
3.290000e-13 2.643704e-14 6.002981e-16 2.703733e-14 
3.300000e-13 2.660673e-14 8.275445e-16 2.743428e-14 
3.310000e-13 2.657651e-14 7.945362e-16 2.737104e-14 
3.320000e-13 2.646085e-14 6.838318e-16 2.714468e-14 
3.330000e-13 2.643723e-14 6.458094e-16 2.708304e-14 
3.340000e-13 2.642444e-14 4.874546e-16 2.691190e-14 
3.350000e-13 2.648567e-14 5.482752e-16 2.703395e-14 
3.360000e-13 2.658008e-14 6.286386e-16 2.720872e-14 
3.370000e-13 2.654270e-14 6.253474e-16 2.716805e-14 
3.380000e-13 2.646158e-14 4.779017e-16 2.693948e-14 
3.390000e-13 2.644328e-14 4.350608e-16 2.687835e-14 
3.400000e-13 2.649795e-14 2.569484e-16 2.675490e-14 
3.410000e-13 2.647587e-14 2.391927e-16 2.671506e-14 
3.420000e-13 2.645382e-14 2.827180e-16 2.673653e-14 
3.430000e-13 2.644029e-14 2.665696e-16 2.670686e-14 
3.440000e-13 2.656545e-14 3.802215e-16 2.694567e-14 
3.450000e-13 2.664641e-14 4.574543e-16 2.710387e-14 
3.460000e-13 2.660213e-14 3.258476e-16 2.692797e-14 
3.470000e-13 2.659095e-14 3.170478e-16 2.690800e-14 
3.480000e-13 2.664681e-14 4.378820e-16 2.708469e-14 
3.490000e-13 2.664488e-14 3.400002e-16 2.698488e-14 
3.500000e-13 2.656916e-14 2.882936e-16 2.685746e-14 
3.510000e-13 2.651998e-14 2.134498e-16 2.673343e-14 
3.520000e-13 2.646200e-14 1.569957e-16 2.661900e-14 
3.530000e-13 2.644895e-14 1.462966e-16 2.659525e-14 
3.540000e-13 2.644904e-14 1.494102e-16 2.659845e-14 
3.550000e-13 2.644888e-14 1.451947e-16 2.659408e-14 
3.560000e-13 2.648941e-14 1.752385e-16 2.666465e-14 
3.570000e-13 2.662977e-14 3.692171e-16 2.699899e-14 
3.580000e-13 2.674407e-14 2.375454e-16 2.698161e-14 
3.590000e-13 2.663521e-14 2.395573e-16 2.687477e-14 
3.600000e-13 2.658632e-14 1.789452e-16 2.676526e-14 
3.610000e-13 2.659935e-14 1.923388e-16 2.679169e-14 
3.620000e-13 2.668550e-14 2.824733e-16 2.696797e-14 
3.630000e-13 2.671083e-14 2.452651e-16 2.695609e-14 
3.640000e-13 2.664082e-14 1.762112e-16 2.681703e-14 
3.650000e-13 2.663036e-14 1.671086e-16 2.679747e-14 
3.660000e-13 2.665076e-14 1.943149e-16 2.684508e-14 
3.670000e-13 2.665422e-14 1.904863e-16 2.684471e-14 
3.680000e-13 2.664959e-14 1.827622e-16 2.683235e-14 
3.690000e-13 2.669570e-14 2.276892e-16 2.692339e-14 
3.700000e-13 2.681649e-14 3.474747e-16 2.716396e-14 
3.710000e-13 2.693211e-14 4.424522e-16 2.737456e-14 
3.720000e-13 2.692735e-14 2.526940e-16 2.718004e-14 
3.730000e-13 2.683593e-14 1.719420e-16 2.700787e-14 
3.740000e-13 2.681985e-14 1.579826e-16 2.697783e-14 
3.750000e-13 2.683369e-14 1.759367e-16 2.700963e-14 
3.760000e-13 2.685307e-14 1.929280e-16 2.704599e-14 
3.770000e-13 2.691806e-14 2.442133e-16 2.716227e-14 
3.780000e-13 2.698215e-14 3.101209e-16 2.729227e-14 
3.790000e-13 2.694991e-14 1.733153e-16 2.712323e-14 
3.800000e-13 2.686836e-14 1.042311e-16 2.697259e-14 
3.810000e-13 2.684510e-14 8.311892e-17 2.692822e-14 
3.820000e-13 2.683591e-14 7.435791e-17 2.691027e-14 
3.830000e-13 2.683194e-14 7.049359e-17 2.690243e-14 
3.840000e-13 2.683098e-14 6.958843e-17 2.690057e-14 
3.850000e-13 2.683250e-14 7.102363e-17 2.690353e-14 
3.860000e-13 2.683735e-14 7.573159e-17 2.691308e-14 
3.870000e-13 2.684668e-14 8.518301e-17 2.693187e-14 
3.880000e-13 2.685929e-14 9.838007e-17 2.695767e-14 
3.890000e-13 2.687129e-14 1.106370e-16 2.698192e-14 
3.900000e-13 2.688273e-14 1.213725e-16 2.700411e-14 
3.910000e-13 2.690244e-14 1.399853e-16 2.704243e-14 
3.920000e-13 2.695493e-14 1.875728e-16 2.714251e-14 
3.930000e-13 2.697948e-14 2.798191e-16 2.725930e-14 
3.940000e-13 2.700707e-14 2.577018e-16 2.726478e-14 
3.950000e-13 2.696715e-14 2.268538e-16 2.719400e-14 
3.960000e-13 2.689814e-14 1.618802e-16 2.706002e-14 
3.970000e-13 2.688183e-14 1.471952e-16 2.702903e-14 
3.980000e-13 2.689291e-14 1.583086e-16 2.705122e-14 
3.990000e-13 2.693766e-14 2.003201e-16 2.713798e-14 
4.000000e-13 2.695145e-14 2.661463e-16 2.721760e-14 
4.010000e-13 2.692291e-14 1.990005e-16 2.712191e-14 
4.020000e-13 2.687860e-14 1.566521e-16 2.703525e-14 
4.030000e-13 2.686067e-14 1.387525e-16 2.699942e-14 
4.040000e-13 2.686359e-14 1.405601e-16 2.700415e-14 
4.050000e-13 2.690724e-14 1.811750e-16 2.708841e-14 
4.060000e-13 2.690322e-14 1.648350e-16 2.706805e-14 
4.070000e-13 2.684547e-14 1.117718e-16 2.695724e-14 
4.080000e-13 2.682603e-14 9.346296e-17 2.691949e-14 
4.090000e-13 2.682088e-14 8.842908e-17 2.690931e-14 
4.100000e-13 2.682732e-14 9.429213e-17 2.692162e-14 
4.110000e-13 2.685828e-14 1.222505e-16 2.698053e-14 
4.120000e-13 2.689731e-14 1.960920e-16 2.709340e-14 
4.130000e-13 2.690439e-14 1.126142e-16 2.701700e-14 
4.140000e-13 2.685628e-14 7.058711e-17 2.692687e-14 
4.150000e-13 2.684205e-14 5.745508e-17 2.689950e-14 
4.160000e-13 2.683873e-14 5.432208e-17 2.689305e-14 
4.170000e-13 2.684301e-14 5.831455e-17 2.690133e-14 
4.180000e-13 2.686087e-14 7.452987e-17 2.693540e-14 
4.190000e-13 2.693228e-14 1.340642e-16 2.706634e-14 
4.200000e-13 2.693262e-14 1.324871e-16 2.706511e-14 
4.210000e-13 2.686066e-14 7.236012e-17 2.693302e-14 
4.220000e-13 2.684129e-14 5.468201e-17 2.689597e-14 
4.230000e-13 2.683406e-14 4.785432e-17 2.688192e-14 
4.240000e-13 2.683124e-14 4.515396e-17 2.687639e-14 
4.250000e-13 2.683063e-14 4.458901e-17 2.687522e-14 
4.260000e-13 2.683166e-14 4.560387e-17 2.687727e-14 
4.270000e-13 2.683462e-14 4.847339e-17 2.688309e-14 
4.280000e-13 2.684106e-14 5.463893e-17 2.689570e-14 
4.290000e-13 2.685599e-14 6.863176e-17 2.692462e-14 
4.300000e-13 2.689814e-14 1.068232e-16 2.700496e-14 
4.310000e-13 2.691221e-14 1.745976e-16 2.708681e-14 
4.320000e-13 2.688966e-14 1.088501e-16 2.699851e-14 
4.330000e-13 2.685358e-14 7.598109e-17 2.692957e-14 
4.340000e-13 2.684313e-14 6.628072e-17 2.690941e-14 
4.350000e-13 2.684271e-14 6.601364e-17 2.690872e-14 
4.360000e-13 2.684898e-14 7.229120e-17 2.692127e-14 
4.370000e-13 2.686167e-14 8.521485e-17 2.694688e-14 
4.380000e-13 2.687779e-14 1.028624e-16 2.698066e-14 
4.390000e-13 2.688654e-14 1.127793e-16 2.699932e-14 
4.400000e-13 2.688485e-14 1.087534e-16 2.699361e-14 
4.410000e-13 2.688614e-14 1.086464e-16 2.699479e-14 
4.420000e-13 2.690966e-14 1.298795e-16 2.703954e-14 
4.430000e-13 2.700495e-14 2.126711e-16 2.721762e-14 
4.440000e-13 2.700377e-14 3.228108e-16 2.732658e-14 
4.450000e-13 2.692040e-14 1.950915e-16 2.711549e-14 
4.460000e-13 2.686607e-14 1.460666e-16 2.701213e-14 
4.470000e-13 2.686340e-14 1.434202e-16 2.700682e-14 
4.480000e-13 2.691757e-14 1.903768e-16 2.710795e-14 
4.490000e-13 2.691924e-14 1.744039e-16 2.709365e-14 
4.500000e-13 2.685611e-14 1.193612e-16 2.697547e-14 
4.510000e-13 2.683658e-14 1.010116e-16 2.693759e-14 
4.520000e-13 2.683024e-14 9.469828e-17 2.692494e-14 
4.530000e-13 2.683469e-14 9.846056e-17 2.693315e-14 
4.540000e-13 2.686411e-14 1.242421e-16 2.698835e-14 
4.550000e-13 2.694214e-14 2.254310e-16 2.716757e-14 
4.560000e-13 2.701084e-14 9.467097e-17 2.710552e-14 
4.570000e-13 2.696961e-14 6.232858e-17 2.703194e-14 
4.580000e-13 2.696929e-14 6.307497e-17 2.703237e-14 
4.590000e-13 2.698582e-14 7.921453e-17 2.706503e-14 
4.600000e-13 2.701900e-14 1.150220e-16 2.713402e-14 
4.610000e-13 2.702360e-14 1.255606e-16 2.714916e-14 
4.620000e-13 2.699648e-14 9.189148e-17 2.708837e-14 
4.630000e-13 2.698014e-14 7.597455e-17 2.705612e-14 
4.640000e-13 2.697953e-14 7.540609e-17 2.705494e-14 
4.650000e-13 2.699481e-14 8.981013e-17 2.708462e-14 
4.660000e-13 2.704118e-14 1.338359e-16 2.717502e-14 
4.670000e-13 2.705798e-14 1.811626e-16 2.723914e-14 
4.680000e-13 2.705621e-14 1.624800e-16 2.721869e-14 
4.690000e-13 2.709064e-14 2.180226e-16 2.730866e-14 
4.700000e-13 2.710558e-14 1.319955e-16 2.723758e-14 
4.710000e-13 2.705675e-14 9.105866e-17 2.714781e-14 
4.720000e-13 2.704987e-14 8.573881e-17 2.713561e-14 
4.730000e-13 2.705583e-14 9.210069e-17 2.714793e-14 
4.740000e-13 2.706909e-14 1.053260e-16 2.717442e-14 
4.750000e-13 2.709192e-14 1.275829e-16 2.721950e-14 
4.760000e-13 2.713729e-14 1.706426e-16 2.730793e-14 
4.770000e-13 2.724525e-14 2.761570e-16 2.752140e-14 
4.780000e-13 2.732404e-14 2.522267e-16 2.757627e-14 
4.790000e-13 2.728911e-14 2.485912e-16 2.753770e-14 
4.800000e-13 2.724876e-14 1.819407e-16 2.743070e-14 
4.810000e-13 2.719486e-14 1.289255e-16 2.732378e-14 
4.820000e-13 2.716904e-14 1.035394e-16 2.727258e-14 
4.830000e-13 2.715985e-14 9.418003e-17 2.725403e-14 
4.840000e-13 2.716826e-14 1.013500e-16 2.726961e-14 
4.850000e-13 2.721721e-14 1.454084e-16 2.736262e-14 
4.860000e-13 2.720929e-14 1.576175e-16 2.736691e-14 
4.870000e-13 2.715166e-14 1.017374e-16 2.725339e-14 
4.880000e-13 2.713166e-14 8.310136e-17 2.721476e-14 
4.890000e-13 2.712684e-14 7.860103e-17 2.720544e-14 
4.900000e-13 2.713051e-14 8.227784e-17 2.721279e-14 
4.910000e-13 2.714275e-14 9.426249e-17 2.723701e-14 
4.920000e-13 2.716889e-14 1.195586e-16 2.728845e-14 
4.930000e-13 2.722691e-14 1.744638e-16 2.740137e-14 
4.940000e-13 2.737682e-14 3.152218e-16 2.769204e-14 
4.950000e-13 2.741763e-14 3.851005e-16 2.780273e-14 
4.960000e-13 2.731065e-14 2.479924e-16 2.755864e-14 
4.970000e-13 2.724846e-14 1.888052e-16 2.743727e-14 
4.980000e-13 2.727200e-14 2.101070e-16 2.748211e-14 
4.990000e-13 2.726044e-14 1.935054e-16 2.745395e-14 
5.000000e-13 2.721259e-14 1.484118e-16 2.736100e-14 
5.010000e-13 2.723615e-14 1.787240e-16 2.741487e-14 
5.020000e-13 2.723103e-14 1.301891e-16 2.736122e-14 
5.030000e-13 2.717437e-14 7.881820e-17 2.725319e-14 
5.040000e-13 2.715540e-14 6.112912e-17 2.721653e-14 
5.050000e-13 2.714921e-14 5.527083e-17 2.720448e-14 
5.060000e-13 2.714978e-14 5.587013e-17 2.720565e-14 
5.070000e-13 2.715679e-14 6.264226e-17 2.721943e-14 
5.080000e-13 2.717533e-14 8.009769e-17 2.725542e-14 
5.090000e-13 2.722775e-14 1.277109e-16 2.735546e-14 
5.100000e-13 2.722859e-14 1.803519e-16 2.740895e-14 
5.110000e-13 2.719092e-14 1.315687e-16 2.732249e-14 
5.120000e-13 2.717507e-14 1.176105e-16 2.729268e-14 
5.130000e-13 2.717582e-14 1.192206e-16 2.729504e-14 
5.140000e-13 2.718344e-14 1.265225e-16 2.730997e-14 
5.150000e-13 2.720553e-14 1.463320e-16 2.735186e-14 
5.160000e-13 2.723662e-14 1.959686e-16 2.743258e-14 
5.170000e-13 2.723087e-14 1.329744e-16 2.736385e-14 
5.180000e-13 2.717899e-14 8.571570e-17 2.726470e-14 
5.190000e-13 2.715909e-14 6.682823e-17 2.722592e-14 
5.200000e-13 2.714931e-14 5.732707e-17 2.720664e-14 
5.210000e-13 2.714387e-14 5.197497e-17 2.719584e-14 
5.220000e-13 2.714077e-14 4.891630e-17 2.718969e-14 
5.230000e-13 2.713923e-14 4.739229e-17 2.718662e-14 
5.240000e-13 2.713894e-14 4.710984e-17 2.718605e-14 
5.250000e-13 2.713987e-14 4.803604e-17 2.718790e-14 
5.260000e-13 2.714215e-14 5.032806e-17 2.719248e-14 
5.270000e-13 2.714609e-14 5.430153e-17 2.720039e-14 
5.280000e-13 2.715204e-14 6.034377e-17 2.721238e-14 
5.290000e-13 2.716000e-14 6.855718e-17 2.722856e-14 
5.300000e-13 2.716878e-14 7.782426e-17 2.724661e-14 
5.310000e-13 2.717583e-14 8.519330e-17 2.726102e-14 
5.320000e-13 2.718036e-14 8.923178e-17 2.726959e-14 
5.330000e-13 2.718704e-14 9.491743e-17 2.728196e-14 
5.340000e-13 2.720731e-14 1.134793e-16 2.732079e-14 
5.350000e-13 2.727026e-14 1.710704e-16 2.744133e-14 
5.360000e-13 2.735372e-14 3.091655e-16 2.766288e-14 
5.370000e-13 2.736393e-14 1.772310e-16 2.754116e-14 
5.380000e-13 2.727748e-14 1.012339e-16 2.737871e-14 
5.390000e-13 2.726645e-14 9.170052e-17 2.735815e-14 
5.400000e-13 2.729803e-14 1.243497e-16 2.742238e-14 
5.410000e-13 2.729503e-14 1.315774e-16 2.742661e-14 
5.420000e-13 2.725381e-14 8.595362e-17 2.733976e-14 
5.430000e-13 2.723360e-14 6.677797e-17 2.730038e-14 
5.440000e-13 2.722716e-14 6.073764e-17 2.728790e-14 
5.450000e-13 2.722748e-14 6.125289e-17 2.728873e-14 
5.460000e-13 2.723207e-14 6.605986e-17 2.729813e-14 
5.470000e-13 2.723942e-14 7.379422e-17 2.731321e-14 
5.480000e-13 2.724706e-14 8.197110e-17 2.732903e-14 
5.490000e-13 2.725233e-14 8.727546e-17 2.733960e-14 
5.500000e-13 2.725617e-14 9.043729e-17 2.734661e-14 
5.510000e-13 2.726452e-14 9.812806e-17 2.736265e-14 
5.520000e-13 2.728271e-14 1.175202e-16 2.740023e-14 
5.530000e-13 2.729012e-14 1.313958e-16 2.742152e-14 
5.540000e-13 2.727436e-14 1.086987e-16 2.738306e-14 
5.550000e-13 2.725447e-14 8.789075e-17 2.734236e-14 
5.560000e-13 2.724846e-14 8.181055e-17 2.733027e-14 
5.570000e-13 2.725831e-14 9.103365e-17 2.734934e-14 
5.580000e-13 2.729206e-14 1.252152e-16 2.741728e-14 
5.590000e-13 2.729424e-14 1.419786e-16 2.743621e-14 
5.600000e-13 2.726090e-14 1.003037e-16 2.736121e-14 
5.610000e-13 2.723889e-14 7.900941e-17 2.731790e-14 
5.620000e-13 2.723111e-14 7.162737e-17 2.730274e-14 
5.630000e-13 2.723071e-14 7.145780e-17 2.730217e-14 
5.640000e-13 2.723482e-14 7.585571e-17 2.731068e-14 
5.650000e-13 2.724120e-14 8.273811e-17 2.732394e-14 
5.660000e-13 2.724685e-14 8.879900e-17 2.733565e-14 
5.670000e-13 2.725032e-14 9.189651e-17 2.734222e-14 
5.680000e-13 2.725582e-14 9.644351e-17 2.735227e-14 
5.690000e-13 2.727421e-14 1.138257e-16 2.738803e-14 
5.700000e-13 2.729858e-14 1.492527e-16 2.744783e-14 
5.710000e-13 2.728825e-14 1.207343e-16 2.740899e-14 
5.720000e-13 2.724957e-14 8.214052e-17 2.733171e-14 
5.730000e-13 2.723269e-14 6.595150e-17 2.729864e-14 
5.740000e-13 2.722672e-14 6.019081e-17 2.728691e-14 
5.750000e-13 2.722721e-14 6.071128e-17 2.728792e-14 
5.760000e-13 2.723340e-14 6.689450e-17 2.730029e-14 
5.770000e-13 2.724572e-14 7.951331e-17 2.732524e-14 
5.780000e-13 2.726091e-14 9.649942e-17 2.735741e-14 
5.790000e-13 2.726677e-14 1.035440e-16 2.737031e-14 
5.800000e-13 2.725979e-14 9.420783e-17 2.735400e-14 
5.810000e-13 2.725123e-14 8.502933e-17 2.733626e-14 
5.820000e-13 2.724825e-14 8.236877e-17 2.733062e-14 
5.830000e-13 2.724866e-14 8.338858e-17 2.733205e-14 
5.840000e-13 2.724820e-14 8.314494e-17 2.733135e-14 
5.850000e-13 2.724567e-14 8.007978e-17 2.732575e-14 
5.860000e-13 2.724479e-14 7.850881e-17 2.732330e-14 
5.870000e-13 2.725280e-14 8.563591e-17 2.733844e-14 
5.880000e-13 2.728157e-14 1.136962e-16 2.739527e-14 
5.890000e-13 2.729034e-14 1.434447e-16 2.743378e-14 
5.900000e-13 2.726440e-14 1.008081e-16 2.736521e-14 
5.910000e-13 2.723363e-14 7.072000e-17 2.730435e-14 
5.920000e-13 2.721962e-14 5.720305e-17 2.727682e-14 
5.930000e-13 2.721326e-14 5.102428e-17 2.726428e-14 
5.940000e-13 2.721082e-14 4.865782e-17 2.725948e-14 
5.950000e-13 2.721095e-14 4.882285e-17 2.725977e-14 
5.960000e-13 2.721329e-14 5.118294e-17 2.726448e-14 
5.970000e-13 2.721804e-14 5.594848e-17 2.727399e-14 
5.980000e-13 2.722585e-14 6.379132e-17 2.728965e-14 
5.990000e-13 2.723785e-14 7.586310e-17 2.731371e-14 
6.000000e-13 2.725588e-14 9.397350e-17 2.734985e-14 
6.010000e-13 2.728468e-14 1.224375e-16 2.740712e-14 
6.020000e-13 2.731874e-14 1.655681e-16 2.748431e-14 
6.030000e-13 2.730951e-14 1.375718e-16 2.744708e-14 
6.040000e-13 2.726300e-14 9.106357e-17 2.735406e-14 
6.050000e-13 2.723953e-14 6.829812e-17 2.730783e-14 
6.060000e-13 2.722694e-14 5.594437e-17 2.728288e-14 
6.070000e-13 2.721954e-14 4.863358e-17 2.726817e-14 
6.080000e-13 2.721500e-14 4.413409e-17 2.725913e-14 
6.090000e-13 2.721223e-14 4.139112e-17 2.725363e-14 
6.100000e-13 2.721070e-14 3.987363e-17 2.725058e-14 
6.110000e-13 2.721015e-14 3.932506e-17 2.724947e-14 
6.120000e-13 2.721048e-14 3.966052e-17 2.725014e-14 
6.130000e-13 2.721173e-14 4.092720e-17 2.725266e-14 
6.140000e-13 2.721408e-14 4.329255e-17 2.725737e-14 
6.150000e-13 2.721776e-14 4.702442e-17 2.726479e-14 
6.160000e-13 2.722298e-14 5.237038e-17 2.727535e-14 
6.170000e-13 2.722938e-14 5.908978e-17 2.728847e-14 
6.180000e-13 2.723512e-14 6.537396e-17 2.730050e-14 
6.190000e-13 2.723695e-14 6.749166e-17 2.730445e-14 
6.200000e-13 2.723341e-14 6.352186e-17 2.729693e-14 
6.210000e-13 2.722668e-14 5.627953e-17 2.728296e-14 
6.220000e-13 2.721990e-14 4.923044e-17 2.726913e-14 
6.230000e-13 2.721451e-14 4.373550e-17 2.725825e-14 
6.240000e-13 2.721069e-14 3.986511e-17 2.725055e-14 
6.250000e-13 2.720820e-14 3.735528e-17 2.724555e-14 
6.260000e-13 2.720682e-14 3.596682e-17 2.724279e-14 
6.270000e-13 2.720644e-14 3.556997e-17 2.724201e-14 
6.280000e-13 2.720704e-14 3.615944e-17 2.724320e-14 
6.290000e-13 2.720877e-14 3.787375e-17 2.724664e-14 
6.300000e-13 2.721198e-14 4.105420e-17 2.725304e-14 
6.310000e-13 2.721738e-14 4.639341e-17 2.726378e-14 
6.320000e-13 2.722644e-14 5.530922e-17 2.728175e-14 
6.330000e-13 2.724252e-14 7.098742e-17 2.731351e-14 
6.340000e-13 2.727413e-14 1.015607e-16 2.737569e-14 
6.350000e-13 2.732235e-14 1.589859e-16 2.748133e-14 
6.360000e-13 2.732569e-14 1.385293e-16 2.746422e-14 
6.370000e-13 2.728082e-14 9.538532e-17 2.737620e-14 
6.380000e-13 2.725793e-14 7.304955e-17 2.733098e-14 
6.390000e-13 2.724346e-14 5.852627e-17 2.730198e-14 
6.400000e-13 2.723382e-14 4.885110e-17 2.728267e-14 
6.410000e-13 2.722763e-14 4.265363e-17 2.727028e-14 
6.420000e-13 2.722391e-14 3.893281e-17 2.726284e-14 
6.430000e-13 2.722200e-14 3.702692e-17 2.725903e-14 
6.440000e-13 2.722156e-14 3.658301e-17 2.725815e-14 
6.450000e-13 2.722253e-14 3.752855e-17 2.726006e-14 
6.460000e-13 2.722517e-14 4.011702e-17 2.726528e-14 
6.470000e-13 2.723034e-14 4.516057e-17 2.727550e-14 
6.480000e-13 2.724040e-14 5.483592e-17 2.729523e-14 
6.490000e-13 2.726293e-14 7.585607e-17 2.733879e-14 
6.500000e-13 2.733047e-14 1.356607e-16 2.746613e-14 
6.510000e-13 2.733214e-14 1.501414e-16 2.748228e-14 
6.520000e-13 2.727379e-14 9.911588e-17 2.737291e-14 
6.530000e-13 2.725975e-14 8.717405e-17 2.734692e-14 
6.540000e-13 2.725434e-14 8.252567e-17 2.733686e-14 
6.550000e-13 2.724781e-14 7.578394e-17 2.732359e-14 
6.560000e-13 2.723954e-14 6.703698e-17 2.730658e-14 
6.570000e-13 2.723184e-14 5.906156e-17 2.729090e-14 
6.580000e-13 2.722601e-14 5.312033e-17 2.727913e-14 
6.590000e-13 2.722218e-14 4.924762e-17 2.727143e-14 
6.600000e-13 2.722016e-14 4.719836e-17 2.726736e-14 
6.610000e-13 2.721989e-14 4.688356e-17 2.726677e-14 
6.620000e-13 2.722168e-14 4.860089e-17 2.727028e-14 
6.630000e-13 2.722673e-14 5.345809e-17 2.728019e-14 
6.640000e-13 2.723874e-14 6.480381e-17 2.730354e-14 
6.650000e-13 2.727139e-14 9.447466e-17 2.736586e-14 
6.660000e-13 2.735001e-14 1.846462e-16 2.753466e-14 
6.670000e-13 2.739987e-14 9.138491e-17 2.749126e-14 
6.680000e-13 2.735552e-14 5.638790e-17 2.741191e-14 
6.690000e-13 2.735148e-14 5.404304e-17 2.740553e-14 
6.700000e-13 2.735589e-14 5.917751e-17 2.741507e-14 
6.710000e-13 2.736041e-14 6.431728e-17 2.742472e-14 
6.720000e-13 2.736061e-14 6.459988e-17 2.742521e-14 
6.730000e-13 2.735586e-14 5.933568e-17 2.741520e-14 
6.740000e-13 2.734897e-14 5.199749e-17 2.740096e-14 
6.750000e-13 2.734259e-14 4.542095e-17 2.738802e-14 
6.760000e-13 2.733768e-14 4.042868e-17 2.737811e-14 
6.770000e-13 2.733419e-14 3.690975e-17 2.737110e-14 
6.780000e-13 2.733186e-14 3.456531e-17 2.736643e-14 
6.790000e-13 2.733045e-14 3.314642e-17 2.736360e-14 
6.800000e-13 2.732980e-14 3.249657e-17 2.736230e-14 
6.810000e-13 2.732985e-14 3.254677e-17 2.736240e-14 
6.820000e-13 2.733061e-14 3.330838e-17 2.736392e-14 
6.830000e-13 2.733217e-14 3.487441e-17 2.736704e-14 
6.840000e-13 2.733471e-14 3.742758e-17 2.737214e-14 
6.850000e-13 2.733848e-14 4.123890e-17 2.737972e-14 
6.860000e-13 2.734373e-14 4.659188e-17 2.739032e-14 
6.870000e-13 2.735032e-14 5.343902e-17 2.740376e-14 
6.880000e-13 2.735686e-14 6.048268e-17 2.741734e-14 
6.890000e-13 2.736033e-14 6.436939e-17 2.742470e-14 
6.900000e-13 2.735850e-14 6.228271e-17 2.742079e-14 
6.910000e-13 2.735275e-14 5.598813e-17 2.740874e-14 
6.920000e-13 2.734624e-14 4.915949e-17 2.739540e-14 
6.930000e-13 2.734085e-14 4.364217e-17 2.738449e-14 
6.940000e-13 2.733696e-14 3.970313e-17 2.737666e-14 
6.950000e-13 2.733437e-14 3.709234e-17 2.737146e-14 
6.960000e-13 2.733280e-14 3.551771e-17 2.736831e-14 
6.970000e-13 2.733205e-14 3.476681e-17 2.736681e-14 
6.980000e-13 2.733200e-14 3.471872e-17 2.736671e-14 
6.990000e-13 2.733261e-14 3.533573e-17 2.736794e-14 
7.000000e-13 2.733393e-14 3.665977e-17 2.737059e-14 
7.010000e-13 2.733607e-14 3.881754e-17 2.737489e-14 
7.020000e-13 2.733926e-14 4.202778e-17 2.738128e-14 
7.030000e-13 2.734374e-14 4.657854e-17 2.739032e-14 
7.040000e-13 2.734967e-14 5.266392e-17 2.740233e-14 
7.050000e-13 2.735644e-14 5.980765e-17 2.741625e-14 
7.060000e-13 2.736186e-14 6.576501e-17 2.742762e-14 
7.070000e-13 2.736281e-14 6.684612e-17 2.742965e-14 
7.080000e-13 2.735861e-14 6.216660e-17 2.742078e-14 
7.090000e-13 2.735191e-14 5.500871e-17 2.740692e-14 
7.100000e-13 2.734550e-14 4.837351e-17 2.739387e-14 
7.110000e-13 2.734045e-14 4.323736e-17 2.738369e-14 
7.120000e-13 2.733680e-14 3.954606e-17 2.737634e-14 
7.130000e-13 2.733428e-14 3.701186e-17 2.737129e-14 
7.140000e-13 2.733266e-14 3.538419e-17 2.736804e-14 
7.150000e-13 2.733179e-14 3.450496e-17 2.736629e-14 
7.160000e-13 2.733160e-14 3.431242e-17 2.736591e-14 
7.170000e-13 2.733214e-14 3.484848e-17 2.736699e-14 
7.180000e-13 2.733357e-14 3.627404e-17 2.736984e-14 
7.190000e-13 2.733612e-14 3.883937e-17 2.737496e-14 
7.200000e-13 2.733993e-14 4.271872e-17 2.738265e-14 
7.210000e-13 2.734495e-14 4.785120e-17 2.739280e-14 
7.220000e-13 2.735093e-14 5.404565e-17 2.740498e-14 
7.230000e-13 2.735686e-14 6.042342e-17 2.741728e-14 
7.240000e-13 2.736009e-14 6.408946e-17 2.742418e-14 
7.250000e-13 2.735830e-14 6.209711e-17 2.742040e-14 
7.260000e-13 2.735251e-14 5.577654e-17 2.740829e-14 
7.270000e-13 2.734579e-14 4.872069e-17 2.739451e-14 
7.280000e-13 2.734011e-14 4.289477e-17 2.738300e-14 
7.290000e-13 2.733591e-14 3.864386e-17 2.737456e-14 
7.300000e-13 2.733304e-14 3.574490e-17 2.736878e-14 
7.310000e-13 2.733121e-14 3.391234e-17 2.736512e-14 
7.320000e-13 2.733024e-14 3.293477e-17 2.736317e-14 
7.330000e-13 2.732999e-14 3.269142e-17 2.736269e-14 
7.340000e-13 2.733045e-14 3.314488e-17 2.736359e-14 
7.350000e-13 2.733163e-14 3.433704e-17 2.736597e-14 
7.360000e-13 2.733368e-14 3.639351e-17 2.737007e-14 
7.370000e-13 2.733679e-14 3.953040e-17 2.737632e-14 
7.380000e-13 2.734123e-14 4.403356e-17 2.738527e-14 
7.390000e-13 2.734715e-14 5.010653e-17 2.739726e-14 
7.400000e-13 2.735402e-14 5.732770e-17 2.741135e-14 
7.410000e-13 2.735973e-14 6.357987e-17 2.742331e-14 
7.420000e-13 2.736120e-14 6.521640e-17 2.742641e-14 
7.430000e-13 2.735755e-14 6.111183e-17 2.741866e-14 
7.440000e-13 2.735127e-14 5.437196e-17 2.740565e-14 
7.450000e-13 2.734519e-14 4.806044e-17 2.739325e-14 
7.460000e-13 2.734045e-14 4.323497e-17 2.738369e-14 
7.470000e-13 2.733712e-14 3.986893e-17 2.737698e-14 
7.480000e-13 2.733493e-14 3.767307e-17 2.737260e-14 
7.490000e-13 2.733365e-14 3.638601e-17 2.737003e-14 
7.500000e-13 2.733310e-14 3.583518e-17 2.736893e-14 
7.510000e-13 2.733320e-14 3.593658e-17 2.736913e-14 
7.520000e-13 2.733395e-14 3.668791e-17 2.737063e-14 
7.530000e-13 2.733542e-14 3.816879e-17 2.737359e-14 
7.540000e-13 2.733779e-14 4.054799e-17 2.737833e-14 
7.550000e-13 2.734129e-14 4.408324e-17 2.738537e-14 
7.560000e-13 2.734617e-14 4.905776e-17 2.739523e-14 
7.570000e-13 2.735236e-14 5.548218e-17 2.740785e-14 
7.580000e-13 2.735868e-14 6.226294e-17 2.742094e-14 
7.590000e-13 2.736227e-14 6.630819e-17 2.742858e-14 
7.600000e-13 2.736073e-14 6.457695e-17 2.742531e-14 
7.610000e-13 2.735498e-14 5.828716e-17 2.741326e-14 
7.620000e-13 2.734811e-14 5.107311e-17 2.739918e-14 
7.630000e-13 2.734220e-14 4.500737e-17 2.738720e-14 
7.640000e-13 2.733774e-14 4.049336e-17 2.737824e-14 
7.650000e-13 2.733460e-14 3.732648e-17 2.737193e-14 
7.660000e-13 2.733251e-14 3.522473e-17 2.736774e-14 
7.670000e-13 2.733127e-14 3.397636e-17 2.736525e-14 
7.680000e-13 2.733076e-14 3.345963e-17 2.736422e-14 
7.690000e-13 2.733093e-14 3.363612e-17 2.736457e-14 
7.700000e-13 2.733184e-14 3.454652e-17 2.736639e-14 
7.710000e-13 2.733360e-14 3.631477e-17 2.736992e-14 
7.720000e-13 2.733642e-14 3.915486e-17 2.737558e-14 
7.730000e-13 2.734056e-14 4.335174e-17 2.738391e-14 
7.740000e-13 2.734618e-14 4.911649e-17 2.739530e-14 
7.750000e-13 2.735279e-14 5.606323e-17 2.740885e-14 
7.760000e-13 2.735834e-14 6.215350e-17 2.742050e-14 
7.770000e-13 2.735977e-14 6.376756e-17 2.742353e-14 
7.780000e-13 2.735608e-14 5.963703e-17 2.741572e-14 
7.790000e-13 2.734968e-14 5.276878e-17 2.740245e-14 
7.800000e-13 2.734343e-14 4.627752e-17 2.738970e-14 
7.810000e-13 2.733852e-14 4.128281e-17 2.737981e-14 
7.820000e-13 2.733506e-14 3.778558e-17 2.737285e-14 
7.830000e-13 2.733280e-14 3.550571e-17 2.736830e-14 
7.840000e-13 2.733148e-14 3.418482e-17 2.736566e-14 
7.850000e-13 2.733095e-14 3.365143e-17 2.736460e-14 
7.860000e-13 2.733111e-14 3.382144e-17 2.736494e-14 
7.870000e-13 2.733198e-14 3.469101e-17 2.736667e-14 
7.880000e-13 2.733361e-14 3.633630e-17 2.736995e-14 
7.890000e-13 2.733618e-14 3.892036e-17 2.737510e-14 
7.900000e-13 2.733992e-14 4.269344e-17 2.738261e-14 
7.910000e-13 2.734506e-14 4.793300e-17 2.739300e-14 
7.920000e-13 2.735156e-14 5.465721e-17 2.740622e-14 
7.930000e-13 2.735825e-14 6.181409e-17 2.742007e-14 
7.940000e-13 2.736234e-14 6.636308e-17 2.742870e-14 
7.950000e-13 2.736132e-14 6.518851e-17 2.742651e-14 
7.960000e-13 2.735601e-14 5.935244e-17 2.741537e-14 
7.970000e-13 2.734948e-14 5.247074e-17 2.740196e-14 
7.980000e-13 2.734383e-14 4.666943e-17 2.739050e-14 
7.990000e-13 2.733960e-14 4.237973e-17 2.738198e-14 
8.000000e-13 2.733665e-14 3.940106e-17 2.737605e-14 
8.010000e-13 2.733470e-14 3.744803e-17 2.737215e-14 
8.020000e-13 2.733357e-14 3.630520e-17 2.736987e-14 
8.030000e-13 2.733311e-14 3.584880e-17 2.736896e-14 
8.040000e-13 2.733330e-14 3.604009e-17 2.736935e-14 
8.050000e-13 2.733418e-14 3.692072e-17 2.737110e-14 
8.060000e-13 2.733587e-14 3.861626e-17 2.737449e-14 
8.070000e-13 2.733858e-14 4.134284e-17 2.737992e-14 
8.080000e-13 2.734258e-14 4.538924e-17 2.738797e-14 
8.090000e-13 2.734803e-14 5.097819e-17 2.739900e-14 
8.100000e-13 2.735447e-14 5.775943e-17 2.741223e-14 
8.110000e-13 2.735995e-14 6.376316e-17 2.742371e-14 
8.120000e-13 2.736137e-14 6.538678e-17 2.742675e-14 
8.130000e-13 2.735765e-14 6.123504e-17 2.741889e-14 
8.140000e-13 2.735113e-14 5.423666e-17 2.740537e-14 
8.150000e-13 2.734470e-14 4.755942e-17 2.739226e-14 
8.160000e-13 2.733962e-14 4.238060e-17 2.738200e-14 
8.170000e-13 2.733600e-14 3.872763e-17 2.737473e-14 
8.180000e-13 2.733363e-14 3.633317e-17 2.736996e-14 
8.190000e-13 2.733225e-14 3.495052e-17 2.736720e-14 
8.200000e-13 2.733173e-14 3.442445e-17 2.736616e-14 
8.210000e-13 2.733201e-14 3.469578e-17 2.736670e-14 
8.220000e-13 2.733311e-14 3.579980e-17 2.736891e-14 
8.230000e-13 2.733519e-14 3.787631e-17 2.737307e-14 
8.240000e-13 2.733851e-14 4.119730e-17 2.737971e-14 
8.250000e-13 2.734352e-14 4.621304e-17 2.738973e-14 
8.260000e-13 2.735088e-14 5.360242e-17 2.740448e-14 
8.270000e-13 2.736148e-14 6.428647e-17 2.742577e-14 
8.280000e-13 2.737675e-14 7.956449e-17 2.745631e-14 
8.290000e-13 2.740262e-14 1.040026e-16 2.750662e-14 
8.300000e-13 2.748144e-14 1.699874e-16 2.765143e-14 
8.310000e-13 2.749460e-14 1.365921e-16 2.763119e-14 
8.320000e-13 2.742051e-14 7.383448e-17 2.749434e-14 
8.330000e-13 2.739781e-14 5.277090e-17 2.745058e-14 
8.340000e-13 2.738797e-14 4.333337e-17 2.743130e-14 
8.350000e-13 2.738309e-14 3.858218e-17 2.742167e-14 
8.360000e-13 2.738059e-14 3.613453e-17 2.741673e-14 
8.370000e-13 2.737944e-14 3.500819e-17 2.741445e-14 
8.380000e-13 2.737920e-14 3.477805e-17 2.741398e-14 
8.390000e-13 2.737970e-14 3.528130e-17 2.741498e-14 
8.400000e-13 2.738091e-14 3.650449e-17 2.741742e-14 
8.410000e-13 2.738294e-14 3.854451e-17 2.742149e-14 
8.420000e-13 2.738597e-14 4.159883e-17 2.742757e-14 
8.430000e-13 2.739026e-14 4.594294e-17 2.743620e-14 
8.440000e-13 2.739597e-14 5.179578e-17 2.744777e-14 
8.450000e-13 2.740268e-14 5.882815e-17 2.746151e-14 
8.460000e-13 2.740844e-14 6.512488e-17 2.747357e-14 
8.470000e-13 2.741018e-14 6.708918e-17 2.747727e-14 
8.480000e-13 2.740670e-14 6.318947e-17 2.746989e-14 
8.490000e-13 2.740026e-14 5.626666e-17 2.745653e-14 
8.500000e-13 2.739378e-14 4.953417e-17 2.744331e-14 
8.510000e-13 2.738856e-14 4.421909e-17 2.743278e-14 
8.520000e-13 2.738475e-14 4.036479e-17 2.742511e-14 
8.530000e-13 2.738211e-14 3.770206e-17 2.741981e-14 
8.540000e-13 2.738039e-14 3.597500e-17 2.741636e-14 
8.550000e-13 2.737943e-14 3.501363e-17 2.741445e-14 
8.560000e-13 2.737916e-14 3.473592e-17 2.741389e-14 
8.570000e-13 2.737956e-14 3.514038e-17 2.741470e-14 
8.580000e-13 2.738073e-14 3.630529e-17 2.741703e-14 
8.590000e-13 2.738280e-14 3.839529e-17 2.742120e-14 
8.600000e-13 2.738604e-14 4.166298e-17 2.742771e-14 
8.610000e-13 2.739069e-14 4.639549e-17 2.743709e-14 
8.620000e-13 2.739673e-14 5.264926e-17 2.744938e-14 
8.630000e-13 2.740311e-14 5.947569e-17 2.746259e-14 
8.640000e-13 2.740711e-14 6.395364e-17 2.747107e-14 
8.650000e-13 2.740613e-14 6.284664e-17 2.746897e-14 
8.660000e-13 2.740075e-14 5.694197e-17 2.745770e-14 
8.670000e-13 2.739403e-14 4.984967e-17 2.744388e-14 
8.680000e-13 2.738817e-14 4.382640e-17 2.743200e-14 
8.690000e-13 2.738378e-14 3.937568e-17 2.742316e-14 
8.700000e-13 2.738075e-14 3.631639e-17 2.741706e-14 
8.710000e-13 2.737880e-14 3.436298e-17 2.741317e-14 
8.720000e-13 2.737774e-14 3.329473e-17 2.741103e-14 
8.730000e-13 2.737743e-14 3.298142e-17 2.741041e-14 
8.740000e-13 2.737782e-14 3.337741e-17 2.741120e-14 
8.750000e-13 2.737896e-14 3.451697e-17 2.741347e-14 
8.760000e-13 2.738095e-14 3.651784e-17 2.741747e-14 
8.770000e-13 2.738400e-14 3.958863e-17 2.742359e-14 
8.780000e-13 2.738837e-14 4.401474e-17 2.743239e-14 
8.790000e-13 2.739425e-14 5.003288e-17 2.744429e-14 
8.800000e-13 2.740126e-14 5.735685e-17 2.745861e-14 
8.810000e-13 2.740752e-14 6.415146e-17 2.747167e-14 
8.820000e-13 2.740998e-14 6.686025e-17 2.747684e-14 
8.830000e-13 2.740739e-14 6.385963e-17 2.747125e-14 
8.840000e-13 2.740199e-14 5.796408e-17 2.745995e-14 
8.850000e-13 2.739683e-14 5.254369e-17 2.744938e-14 
8.860000e-13 2.739350e-14 4.908557e-17 2.744259e-14 
8.870000e-13 2.739259e-14 4.807500e-17 2.744067e-14 
8.880000e-13 2.739490e-14 5.021055e-17 2.744511e-14 
8.890000e-13 2.740302e-14 5.781274e-17 2.746083e-14 
8.900000e-13 2.742694e-14 7.944936e-17 2.750638e-14 
8.910000e-13 2.751904e-14 1.573324e-16 2.767637e-14 
8.920000e-13 2.756460e-14 9.684483e-17 2.766145e-14 
8.930000e-13 2.750670e-14 5.084822e-17 2.755755e-14 
8.940000e-13 2.749715e-14 4.310935e-17 2.754026e-14 
8.950000e-13 2.749783e-14 4.421218e-17 2.754204e-14 
8.960000e-13 2.750197e-14 4.853072e-17 2.755050e-14 
8.970000e-13 2.750795e-14 5.474064e-17 2.756269e-14 
8.980000e-13 2.751437e-14 6.160906e-17 2.757598e-14 
8.990000e-13 2.751848e-14 6.620239e-17 2.758468e-14 
9.000000e-13 2.751760e-14 6.521717e-17 2.758281e-14 
9.010000e-13 2.751221e-14 5.930115e-17 2.757151e-14 
9.020000e-13 2.750535e-14 5.205919e-17 2.755741e-14 
9.030000e-13 2.749928e-14 4.581741e-17 2.754509e-14 
9.040000e-13 2.749465e-14 4.112012e-17 2.753577e-14 
9.050000e-13 2.749135e-14 3.779915e-17 2.752915e-14 
9.060000e-13 2.748914e-14 3.557143e-17 2.752471e-14 
9.070000e-13 2.748779e-14 3.421582e-17 2.752201e-14 
9.080000e-13 2.748718e-14 3.360088e-17 2.752078e-14 
9.090000e-13 2.748726e-14 3.367915e-17 2.752094e-14 
9.100000e-13 2.748806e-14 3.448224e-17 2.752254e-14 
9.110000e-13 2.748970e-14 3.612398e-17 2.752582e-14 
9.120000e-13 2.749236e-14 3.880774e-17 2.753117e-14 
9.130000e-13 2.749632e-14 4.281344e-17 2.753913e-14 
9.140000e-13 2.750175e-14 4.837722e-17 2.755013e-14 
9.150000e-13 2.750829e-14 5.523162e-17 2.756352e-14 
9.160000e-13 2.751412e-14 6.158839e-17 2.757571e-14 
9.170000e-13 2.751615e-14 6.388663e-17 2.758004e-14 
9.180000e-13 2.751300e-14 6.033744e-17 2.757334e-14 
9.190000e-13 2.750675e-14 5.359818e-17 2.756035e-14 
9.200000e-13 2.750039e-14 4.697211e-17 2.754736e-14 
9.210000e-13 2.749531e-14 4.179117e-17 2.753710e-14 
9.220000e-13 2.749169e-14 3.813400e-17 2.752983e-14 
9.230000e-13 2.748931e-14 3.573137e-17 2.752504e-14 
9.240000e-13 2.748790e-14 3.431710e-17 2.752221e-14 
9.250000e-13 2.748729e-14 3.370931e-17 2.752100e-14 
9.260000e-13 2.748739e-14 3.381427e-17 2.752121e-14 
9.270000e-13 2.748819e-14 3.461906e-17 2.752281e-14 
9.280000e-13 2.748976e-14 3.619032e-17 2.752595e-14 
9.290000e-13 2.749223e-14 3.868050e-17 2.753091e-14 
9.300000e-13 2.749585e-14 4.233069e-17 2.753818e-14 
9.310000e-13 2.750086e-14 4.742319e-17 2.754828e-14 
9.320000e-13 2.750726e-14 5.403669e-17 2.756130e-14 
9.330000e-13 2.751410e-14 6.130860e-17 2.757541e-14 
9.340000e-13 2.751872e-14 6.642816e-17 2.758515e-14 
9.350000e-13 2.751840e-14 6.604040e-17 2.758444e-14 
9.360000e-13 2.751353e-14 6.063675e-17 2.757416e-14 
9.370000e-13 2.750706e-14 5.379384e-17 2.756086e-14 
9.380000e-13 2.750133e-14 4.789041e-17 2.754922e-14 
9.390000e-13 2.749700e-14 4.349853e-17 2.754050e-14 
9.400000e-13 2.749398e-14 4.045209e-17 2.753443e-14 
9.410000e-13 2.749200e-14 3.846210e-17 2.753046e-14 
9.420000e-13 2.749085e-14 3.730137e-17 2.752815e-14 
9.430000e-13 2.749038e-14 3.683440e-17 2.752722e-14 
9.440000e-13 2.749056e-14 3.701185e-17 2.752757e-14 
9.450000e-13 2.749141e-14 3.786513e-17 2.752928e-14 
9.460000e-13 2.749305e-14 3.950907e-17 2.753256e-14 
9.470000e-13 2.749567e-14 4.214900e-17 2.753782e-14 
9.480000e-13 2.749955e-14 4.606880e-17 2.754562e-14 
9.490000e-13 2.750487e-14 5.151611e-17 2.755639e-14 
9.500000e-13 2.751131e-14 5.825728e-17 2.756957e-14 
9.510000e-13 2.751710e-14 6.457201e-17 2.758168e-14 
9.520000e-13 2.751918e-14 6.692892e-17 2.758611e-14 
9.530000e-13 2.751605e-14 6.342211e-17 2.757948e-14 
9.540000e-13 2.750975e-14 5.661898e-17 2.756637e-14 
9.550000e-13 2.750328e-14 4.987487e-17 2.755315e-14 
9.560000e-13 2.749810e-14 4.458881e-17 2.754269e-14 
9.570000e-13 2.749443e-14 4.087499e-17 2.753531e-14 
9.580000e-13 2.749207e-14 3.848645e-17 2.753055e-14 
9.590000e-13 2.749077e-14 3.718184e-17 2.752795e-14 
9.600000e-13 2.749041e-14 3.681598e-17 2.752723e-14 
9.610000e-13 2.749096e-14 3.735356e-17 2.752831e-14 
9.620000e-13 2.749249e-14 3.887862e-17 2.753137e-14 
9.630000e-13 2.749526e-14 4.162755e-17 2.753688e-14 
9.640000e-13 2.749973e-14 4.607251e-17 2.754580e-14 
9.650000e-13 2.750684e-14 5.311661e-17 2.755996e-14 
9.660000e-13 2.751850e-14 6.459845e-17 2.758310e-14 
9.670000e-13 2.753949e-14 8.493699e-17 2.762443e-14 
9.680000e-13 2.758576e-14 1.282431e-16 2.771400e-14 
9.690000e-13 2.761316e-14 2.011995e-16 2.781436e-14 
9.700000e-13 2.759802e-14 1.341877e-16 2.773221e-14 
9.710000e-13 2.755256e-14 9.203178e-17 2.764459e-14 
9.720000e-13 2.753242e-14 7.242091e-17 2.760484e-14 
9.730000e-13 2.752205e-14 6.211281e-17 2.758417e-14 
9.740000e-13 2.751796e-14 5.794282e-17 2.757590e-14 
9.750000e-13 2.752032e-14 5.999272e-17 2.758031e-14 
9.760000e-13 2.753441e-14 7.284661e-17 2.760726e-14 
9.770000e-13 2.758652e-14 1.183792e-16 2.770490e-14 
9.780000e-13 2.757286e-14 1.627725e-16 2.773563e-14 
9.790000e-13 2.751872e-14 1.066913e-16 2.762541e-14 
9.800000e-13 2.750411e-14 9.328723e-17 2.759740e-14 
9.810000e-13 2.751577e-14 1.042136e-16 2.761999e-14 
9.820000e-13 2.756655e-14 1.529147e-16 2.771946e-14 
9.830000e-13 2.757250e-14 1.474640e-16 2.771996e-14 
9.840000e-13 2.752877e-14 1.077707e-16 2.763654e-14 
9.850000e-13 2.752291e-14 1.031398e-16 2.762605e-14 
9.860000e-13 2.753382e-14 1.142334e-16 2.764805e-14 
9.870000e-13 2.756606e-14 1.441994e-16 2.771026e-14 
9.880000e-13 2.760422e-14 2.115444e-16 2.781576e-14 
9.890000e-13 2.760599e-14 1.272369e-16 2.773323e-14 
9.900000e-13 2.755131e-14 7.826447e-17 2.762958e-14 
9.910000e-13 2.753041e-14 5.838846e-17 2.758880e-14 
9.920000e-13 2.751983e-14 4.807190e-17 2.756790e-14 
9.930000e-13 2.751376e-14 4.210203e-17 2.755586e-14 
9.940000e-13 2.751016e-14 3.853512e-17 2.754869e-14 
9.950000e-13 2.750810e-14 3.649405e-17 2.754459e-14 
9.960000e-13 2.750715e-14 3.555500e-17 2.754270e-14 
9.970000e-13 2.750712e-14 3.553294e-17 2.754265e-14 
9.980000e-13 2.750798e-14 3.639867e-17 2.754438e-14 
9.990000e-13 2.750981e-14 3.824888e-17 2.754806e-14 
